STAAD SPACE
START JOB INFORMATION
ENGINEER DATE 06-Aug-26
END JOB INFORMATION
INPUT WIDTH 79
UNIT METER KN
JOINT COORDINATES
1 0 0.300001 4.00001; 2 39.0001 0.300001 4.00001; 3 39.0001 0.300001 0;
4 0 0.300001 0; 5 37.7813 0.300001 0; 6 36.5626 0.300001 0;
7 35.3438 0.300001 0; 8 34.1251 0.300001 0; 9 32.9063 0.300001 0;
10 31.6876 0.300001 0; 11 30.4688 0.300001 0; 12 29.2501 0.300001 0;
13 28.0313 0.300001 0; 14 26.8126 0.300001 0; 15 25.5938 0.300001 0;
16 24.375 0.300001 0; 17 23.1563 0.300001 0; 18 21.9375 0.300001 0;
19 20.7188 0.300001 0; 20 19.5 0.300001 0; 21 18.2813 0.300001 0;
22 17.0625 0.300001 0; 23 15.8438 0.300001 0; 24 14.625 0.300001 0;
25 13.4063 0.300001 0; 26 12.1875 0.300001 0; 27 10.9688 0.300001 0;
28 9.75002 0.300001 0; 29 8.53127 0.300001 0; 30 7.31251 0.300001 0;
31 6.09376 0.300001 0; 32 4.87501 0.300001 0; 33 3.65626 0.300001 0;
34 2.43751 0.300001 0; 35 1.21875 0.300001 0; 36 37.7813 0.300001 4.00001;
37 36.5626 0.300001 4.00001; 38 35.3438 0.300001 4.00001;
39 34.1251 0.300001 4.00001; 40 32.9063 0.300001 4.00001;
41 31.6876 0.300001 4.00001; 42 30.4688 0.300001 4.00001;
43 29.2501 0.300001 4.00001; 44 28.0313 0.300001 4.00001;
45 26.8126 0.300001 4.00001; 46 25.5938 0.300001 4.00001;
47 24.375 0.300001 4.00001; 48 23.1563 0.300001 4.00001;
49 21.9375 0.300001 4.00001; 50 20.7188 0.300001 4.00001;
51 19.5 0.300001 4.00001; 52 18.2813 0.300001 4.00001;
53 17.0625 0.300001 4.00001; 54 15.8438 0.300001 4.00001;
55 14.625 0.300001 4.00001; 56 13.4063 0.300001 4.00001;
57 12.1875 0.300001 4.00001; 58 10.9688 0.300001 4.00001;
59 9.75002 0.300001 4.00001; 60 8.53127 0.300001 4.00001;
61 7.31251 0.300001 4.00001; 62 6.09376 0.300001 4.00001;
63 4.87501 0.300001 4.00001; 64 3.65626 0.300001 4.00001;
65 2.43751 0.300001 4.00001; 66 1.21875 0.300001 4.00001;
67 39.0001 0.300001 2; 68 0 0.300001 2; 69 37.7813 0.300001 2;
70 36.5626 0.300001 2; 71 35.3438 0.300001 2; 72 34.1251 0.300001 2;
73 32.9063 0.300001 2; 74 31.6876 0.300001 2; 75 30.4688 0.300001 2;
76 29.2501 0.300001 2; 77 28.0313 0.300001 2; 78 26.8126 0.300001 2;
79 25.5938 0.300001 2; 80 24.375 0.300001 2; 81 23.1563 0.300001 2;
82 21.9375 0.300001 2; 83 20.7188 0.300001 2; 84 19.5 0.300001 2;
85 18.2813 0.300001 2; 86 17.0625 0.300001 2; 87 15.8438 0.300001 2;
88 14.625 0.300001 2; 89 13.4063 0.300001 2; 90 12.1875 0.300001 2;
91 10.9688 0.300001 2; 92 9.75002 0.300001 2; 93 8.53127 0.300001 2;
94 7.31251 0.300001 2; 95 6.09376 0.300001 2; 96 4.87501 0.300001 2;
97 3.65626 0.300001 2; 98 2.43751 0.300001 2; 99 1.21875 0.300001 2;
100 0 0 4.00001; 101 39.0001 0 4.00001; 102 39.0001 0 0; 103 0 0 0;
104 37.7813 0 0; 105 36.5626 0 0; 106 35.3438 0 0; 107 34.1251 0 0;
108 32.9063 0 0; 109 31.6876 0 0; 110 30.4688 0 0; 111 29.2501 0 0;
112 28.0313 0 0; 113 26.8126 0 0; 114 25.5938 0 0; 115 24.375 0 0;
116 23.1563 0 0; 117 21.9375 0 0; 118 20.7188 0 0; 119 19.5 0 0;
120 18.2813 0 0; 121 17.0625 0 0; 122 15.8438 0 0; 123 14.625 0 0;
124 13.4063 0 0; 125 12.1875 0 0; 126 10.9688 0 0; 127 9.75002 0 0;
128 8.53127 0 0; 129 7.31251 0 0; 130 6.09376 0 0; 131 4.87501 0 0;
132 3.65626 0 0; 133 2.43751 0 0; 134 1.21875 0 0; 135 37.7813 0 4.00001;
136 36.5626 0 4.00001; 137 35.3438 0 4.00001; 138 34.1251 0 4.00001;
139 32.9063 0 4.00001; 140 31.6876 0 4.00001; 141 30.4688 0 4.00001;
142 29.2501 0 4.00001; 143 28.0313 0 4.00001; 144 26.8126 0 4.00001;
145 25.5938 0 4.00001; 146 24.375 0 4.00001; 147 23.1563 0 4.00001;
148 21.9375 0 4.00001; 149 20.7188 0 4.00001; 150 19.5 0 4.00001;
151 18.2813 0 4.00001; 152 17.0625 0 4.00001; 153 15.8438 0 4.00001;
154 14.625 0 4.00001; 155 13.4063 0 4.00001; 156 12.1875 0 4.00001;
157 10.9688 0 4.00001; 158 9.75002 0 4.00001; 159 8.53127 0 4.00001;
160 7.31251 0 4.00001; 161 6.09376 0 4.00001; 162 4.87501 0 4.00001;
163 3.65626 0 4.00001; 164 2.43751 0 4.00001; 165 1.21875 0 4.00001;
166 39.0001 0 2; 167 0 0 2; 168 37.7813 0 2; 169 36.5626 0 2; 170 35.3438 0 2;
171 34.1251 0 2; 172 32.9063 0 2; 173 31.6876 0 2; 174 30.4688 0 2;
175 29.2501 0 2; 176 28.0313 0 2; 177 26.8126 0 2; 178 25.5938 0 2;
179 24.375 0 2; 180 23.1563 0 2; 181 21.9375 0 2; 182 20.7188 0 2;
183 19.5 0 2; 184 18.2813 0 2; 185 17.0625 0 2; 186 15.8438 0 2;
187 14.625 0 2; 188 13.4063 0 2; 189 12.1875 0 2; 190 10.9688 0 2;
191 9.75002 0 2; 192 8.53127 0 2; 193 7.31251 0 2; 194 6.09376 0 2;
195 4.87501 0 2; 196 3.65626 0 2; 197 2.43751 0 2; 198 1.21875 0 2;
199 0 2 4.00001; 200 39.0001 2 4.00001; 201 39.0001 2 0; 202 0 2 0;
203 37.7813 2 0; 204 36.5626 2 0; 205 35.3438 2 0; 206 34.1251 2 0;
207 32.9063 2 0; 208 31.6876 2 0; 209 30.4688 2 0; 210 29.2501 2 0;
211 28.0313 2 0; 212 26.8126 2 0; 213 25.5938 2 0; 214 24.375 2 0;
215 23.1563 2 0; 216 21.9375 2 0; 217 20.7188 2 0; 218 19.5 2 0;
219 18.2813 2 0; 220 17.0625 2 0; 221 15.8438 2 0; 222 14.625 2 0;
223 13.4063 2 0; 224 12.1875 2 0; 225 10.9688 2 0; 226 9.75002 2 0;
227 8.53127 2 0; 228 7.31251 2 0; 229 6.09376 2 0; 230 4.87501 2 0;
231 3.65626 2 0; 232 2.43751 2 0; 233 1.21875 2 0; 234 37.7813 2 4.00001;
235 36.5626 2 4.00001; 236 35.3438 2 4.00001; 237 34.1251 2 4.00001;
238 32.9063 2 4.00001; 239 31.6876 2 4.00001; 240 30.4688 2 4.00001;
241 29.2501 2 4.00001; 242 28.0313 2 4.00001; 243 26.8126 2 4.00001;
244 25.5938 2 4.00001; 245 24.375 2 4.00001; 246 23.1563 2 4.00001;
247 21.9375 2 4.00001; 248 20.7188 2 4.00001; 249 19.5 2 4.00001;
250 18.2813 2 4.00001; 251 17.0625 2 4.00001; 252 15.8438 2 4.00001;
253 14.625 2 4.00001; 254 13.4063 2 4.00001; 255 12.1875 2 4.00001;
256 10.9688 2 4.00001; 257 9.75002 2 4.00001; 258 8.53127 2 4.00001;
259 7.31251 2 4.00001; 260 6.09376 2 4.00001; 261 4.87501 2 4.00001;
262 3.65626 2 4.00001; 263 2.43751 2 4.00001; 264 1.21875 2 4.00001;
265 39.0001 2 2; 266 0 2 2; 267 37.7813 2 2; 268 36.5626 2 2; 269 35.3438 2 2;
270 34.1251 2 2; 271 32.9063 2 2; 272 31.6876 2 2; 273 30.4688 2 2;
274 29.2501 2 2; 275 28.0313 2 2; 276 26.8126 2 2; 277 25.5938 2 2;
278 24.375 2 2; 279 23.1563 2 2; 280 21.9375 2 2; 281 20.7188 2 2;
282 19.5 2 2; 283 18.2813 2 2; 284 17.0625 2 2; 285 15.8438 2 2;
286 14.625 2 2; 287 13.4063 2 2; 288 12.1875 2 2; 289 10.9688 2 2;
290 9.75002 2 2; 291 8.53127 2 2; 292 7.31251 2 2; 293 6.09376 2 2;
294 4.87501 2 2; 295 3.65626 2 2; 296 2.43751 2 2; 297 1.21875 2 2;
298 0 4.00001 4.00001; 299 39.0001 4.00001 4.00001; 300 39.0001 4.00001 0;
301 0 4.00001 0; 302 37.7813 4.00001 0; 303 36.5626 4.00001 0;
304 35.3438 4.00001 0; 305 34.1251 4.00001 0; 306 32.9063 4.00001 0;
307 31.6876 4.00001 0; 308 30.4688 4.00001 0; 309 29.2501 4.00001 0;
310 28.0313 4.00001 0; 311 26.8126 4.00001 0; 312 25.5938 4.00001 0;
313 24.375 4.00001 0; 314 23.1563 4.00001 0; 315 21.9375 4.00001 0;
316 20.7188 4.00001 0; 317 19.5 4.00001 0; 318 18.2813 4.00001 0;
319 17.0625 4.00001 0; 320 15.8438 4.00001 0; 321 14.625 4.00001 0;
322 13.4063 4.00001 0; 323 12.1875 4.00001 0; 324 10.9688 4.00001 0;
325 9.75002 4.00001 0; 326 8.53127 4.00001 0; 327 7.31251 4.00001 0;
328 6.09376 4.00001 0; 329 4.87501 4.00001 0; 330 3.65626 4.00001 0;
331 2.43751 4.00001 0; 332 1.21875 4.00001 0; 333 37.7813 4.00001 4.00001;
334 36.5626 4.00001 4.00001; 335 35.3438 4.00001 4.00001;
336 34.1251 4.00001 4.00001; 337 32.9063 4.00001 4.00001;
338 31.6876 4.00001 4.00001; 339 30.4688 4.00001 4.00001;
340 29.2501 4.00001 4.00001; 341 28.0313 4.00001 4.00001;
342 26.8126 4.00001 4.00001; 343 25.5938 4.00001 4.00001;
344 24.375 4.00001 4.00001; 345 23.1563 4.00001 4.00001;
346 21.9375 4.00001 4.00001; 347 20.7188 4.00001 4.00001;
348 19.5 4.00001 4.00001; 349 18.2813 4.00001 4.00001;
350 17.0625 4.00001 4.00001; 351 15.8438 4.00001 4.00001;
352 14.625 4.00001 4.00001; 353 13.4063 4.00001 4.00001;
354 12.1875 4.00001 4.00001; 355 10.9688 4.00001 4.00001;
356 9.75002 4.00001 4.00001; 357 8.53127 4.00001 4.00001;
358 7.31251 4.00001 4.00001; 359 6.09376 4.00001 4.00001;
360 4.87501 4.00001 4.00001; 361 3.65626 4.00001 4.00001;
362 2.43751 4.00001 4.00001; 363 1.21875 4.00001 4.00001;
364 39.0001 4.00001 2; 365 0 4.00001 2; 366 37.7813 4.00001 2;
367 36.5626 4.00001 2; 368 35.3438 4.00001 2; 369 34.1251 4.00001 2;
370 32.9063 4.00001 2; 371 31.6876 4.00001 2; 372 30.4688 4.00001 2;
373 29.2501 4.00001 2; 374 28.0313 4.00001 2; 375 26.8126 4.00001 2;
376 25.5938 4.00001 2; 377 24.375 4.00001 2; 378 23.1563 4.00001 2;
379 21.9375 4.00001 2; 380 20.7188 4.00001 2; 381 19.5 4.00001 2;
382 18.2813 4.00001 2; 383 17.0625 4.00001 2; 384 15.8438 4.00001 2;
385 14.625 4.00001 2; 386 13.4063 4.00001 2; 387 12.1875 4.00001 2;
388 10.9688 4.00001 2; 389 9.75002 4.00001 2; 390 8.53127 4.00001 2;
391 7.31251 4.00001 2; 392 6.09376 4.00001 2; 393 4.87501 4.00001 2;
394 3.65626 4.00001 2; 395 2.43751 4.00001 2; 396 1.21875 4.00001 2;
397 0 6.00001 4.00001; 398 39.0001 6.00001 4.00001; 399 39.0001 6.00001 0;
400 0 6.00001 0; 401 37.7813 6.00001 0; 402 36.5626 6.00001 0;
403 35.3438 6.00001 0; 404 34.1251 6.00001 0; 405 32.9063 6.00001 0;
406 31.6876 6.00001 0; 407 30.4688 6.00001 0; 408 29.2501 6.00001 0;
409 28.0313 6.00001 0; 410 26.8126 6.00001 0; 411 25.5938 6.00001 0;
412 24.375 6.00001 0; 413 23.1563 6.00001 0; 414 21.9375 6.00001 0;
415 20.7188 6.00001 0; 416 19.5 6.00001 0; 417 18.2813 6.00001 0;
418 17.0625 6.00001 0; 419 15.8438 6.00001 0; 420 14.625 6.00001 0;
421 13.4063 6.00001 0; 422 12.1875 6.00001 0; 423 10.9688 6.00001 0;
424 9.75002 6.00001 0; 425 8.53127 6.00001 0; 426 7.31251 6.00001 0;
427 6.09376 6.00001 0; 428 4.87501 6.00001 0; 429 3.65626 6.00001 0;
430 2.43751 6.00001 0; 431 1.21875 6.00001 0; 432 37.7813 6.00001 4.00001;
433 36.5626 6.00001 4.00001; 434 35.3438 6.00001 4.00001;
435 34.1251 6.00001 4.00001; 436 32.9063 6.00001 4.00001;
437 31.6876 6.00001 4.00001; 438 30.4688 6.00001 4.00001;
439 29.2501 6.00001 4.00001; 440 28.0313 6.00001 4.00001;
441 26.8126 6.00001 4.00001; 442 25.5938 6.00001 4.00001;
443 24.375 6.00001 4.00001; 444 23.1563 6.00001 4.00001;
445 21.9375 6.00001 4.00001; 446 20.7188 6.00001 4.00001;
447 19.5 6.00001 4.00001; 448 18.2813 6.00001 4.00001;
449 17.0625 6.00001 4.00001; 450 15.8438 6.00001 4.00001;
451 14.625 6.00001 4.00001; 452 13.4063 6.00001 4.00001;
453 12.1875 6.00001 4.00001; 454 10.9688 6.00001 4.00001;
455 9.75002 6.00001 4.00001; 456 8.53127 6.00001 4.00001;
457 7.31251 6.00001 4.00001; 458 6.09376 6.00001 4.00001;
459 4.87501 6.00001 4.00001; 460 3.65626 6.00001 4.00001;
461 2.43751 6.00001 4.00001; 462 1.21875 6.00001 4.00001;
463 39.0001 6.00001 2; 464 0 6.00001 2; 465 37.7813 6.00001 2;
466 36.5626 6.00001 2; 467 35.3438 6.00001 2; 468 34.1251 6.00001 2;
469 32.9063 6.00001 2; 470 31.6876 6.00001 2; 471 30.4688 6.00001 2;
472 29.2501 6.00001 2; 473 28.0313 6.00001 2; 474 26.8126 6.00001 2;
475 25.5938 6.00001 2; 476 24.375 6.00001 2; 477 23.1563 6.00001 2;
478 21.9375 6.00001 2; 479 20.7188 6.00001 2; 480 19.5 6.00001 2;
481 18.2813 6.00001 2; 482 17.0625 6.00001 2; 483 15.8438 6.00001 2;
484 14.625 6.00001 2; 485 13.4063 6.00001 2; 486 12.1875 6.00001 2;
487 10.9688 6.00001 2; 488 9.75002 6.00001 2; 489 8.53127 6.00001 2;
490 7.31251 6.00001 2; 491 6.09376 6.00001 2; 492 4.87501 6.00001 2;
493 3.65626 6.00001 2; 494 2.43751 6.00001 2; 495 1.21875 6.00001 2;
496 0 8.00002 4.00001; 497 39.0001 8.00002 4.00001; 498 39.0001 8.00002 0;
499 0 8.00002 0; 500 37.7813 8.00002 0; 501 36.5626 8.00002 0;
502 35.3438 8.00002 0; 503 34.1251 8.00002 0; 504 32.9063 8.00002 0;
505 31.6876 8.00002 0; 506 30.4688 8.00002 0; 507 29.2501 8.00002 0;
508 28.0313 8.00002 0; 509 26.8126 8.00002 0; 510 25.5938 8.00002 0;
511 24.375 8.00002 0; 512 23.1563 8.00002 0; 513 21.9375 8.00002 0;
514 20.7188 8.00002 0; 515 19.5 8.00002 0; 516 18.2813 8.00002 0;
517 17.0625 8.00002 0; 518 15.8438 8.00002 0; 519 14.625 8.00002 0;
520 13.4063 8.00002 0; 521 12.1875 8.00002 0; 522 10.9688 8.00002 0;
523 9.75002 8.00002 0; 524 8.53127 8.00002 0; 525 7.31251 8.00002 0;
526 6.09376 8.00002 0; 527 4.87501 8.00002 0; 528 3.65626 8.00002 0;
529 2.43751 8.00002 0; 530 1.21875 8.00002 0; 531 37.7813 8.00002 4.00001;
532 36.5626 8.00002 4.00001; 533 35.3438 8.00002 4.00001;
534 34.1251 8.00002 4.00001; 535 32.9063 8.00002 4.00001;
536 31.6876 8.00002 4.00001; 537 30.4688 8.00002 4.00001;
538 29.2501 8.00002 4.00001; 539 28.0313 8.00002 4.00001;
540 26.8126 8.00002 4.00001; 541 25.5938 8.00002 4.00001;
542 24.375 8.00002 4.00001; 543 23.1563 8.00002 4.00001;
544 21.9375 8.00002 4.00001; 545 20.7188 8.00002 4.00001;
546 19.5 8.00002 4.00001; 547 18.2813 8.00002 4.00001;
548 17.0625 8.00002 4.00001; 549 15.8438 8.00002 4.00001;
550 14.625 8.00002 4.00001; 551 13.4063 8.00002 4.00001;
552 12.1875 8.00002 4.00001; 553 10.9688 8.00002 4.00001;
554 9.75002 8.00002 4.00001; 555 8.53127 8.00002 4.00001;
556 7.31251 8.00002 4.00001; 557 6.09376 8.00002 4.00001;
558 4.87501 8.00002 4.00001; 559 3.65626 8.00002 4.00001;
560 2.43751 8.00002 4.00001; 561 1.21875 8.00002 4.00001;
562 39.0001 8.00002 2; 563 0 8.00002 2; 564 37.7813 8.00002 2;
565 36.5626 8.00002 2; 566 35.3438 8.00002 2; 567 34.1251 8.00002 2;
568 32.9063 8.00002 2; 569 31.6876 8.00002 2; 570 30.4688 8.00002 2;
571 29.2501 8.00002 2; 572 28.0313 8.00002 2; 573 26.8126 8.00002 2;
574 25.5938 8.00002 2; 575 24.375 8.00002 2; 576 23.1563 8.00002 2;
577 21.9375 8.00002 2; 578 20.7188 8.00002 2; 579 19.5 8.00002 2;
580 18.2813 8.00002 2; 581 17.0625 8.00002 2; 582 15.8438 8.00002 2;
583 14.625 8.00002 2; 584 13.4063 8.00002 2; 585 12.1875 8.00002 2;
586 10.9688 8.00002 2; 587 9.75002 8.00002 2; 588 8.53127 8.00002 2;
589 7.31251 8.00002 2; 590 6.09376 8.00002 2; 591 4.87501 8.00002 2;
592 3.65626 8.00002 2; 593 2.43751 8.00002 2; 594 1.21875 8.00002 2;
595 0 10 4.00001; 596 39.0001 10 4.00001; 597 39.0001 10 0; 598 0 10 0;
599 37.7813 10 0; 600 36.5626 10 0; 601 35.3438 10 0; 602 34.1251 10 0;
603 32.9063 10 0; 604 31.6876 10 0; 605 30.4688 10 0; 606 29.2501 10 0;
607 28.0313 10 0; 608 26.8126 10 0; 609 25.5938 10 0; 610 24.375 10 0;
611 23.1563 10 0; 612 21.9375 10 0; 613 20.7188 10 0; 614 19.5 10 0;
615 18.2813 10 0; 616 17.0625 10 0; 617 15.8438 10 0; 618 14.625 10 0;
619 13.4063 10 0; 620 12.1875 10 0; 621 10.9688 10 0; 622 9.75002 10 0;
623 8.53127 10 0; 624 7.31251 10 0; 625 6.09376 10 0; 626 4.87501 10 0;
627 3.65626 10 0; 628 2.43751 10 0; 629 1.21875 10 0; 630 37.7813 10 4.00001;
631 36.5626 10 4.00001; 632 35.3438 10 4.00001; 633 34.1251 10 4.00001;
634 32.9063 10 4.00001; 635 31.6876 10 4.00001; 636 30.4688 10 4.00001;
637 29.2501 10 4.00001; 638 28.0313 10 4.00001; 639 26.8126 10 4.00001;
640 25.5938 10 4.00001; 641 24.375 10 4.00001; 642 23.1563 10 4.00001;
643 21.9375 10 4.00001; 644 20.7188 10 4.00001; 645 19.5 10 4.00001;
646 18.2813 10 4.00001; 647 17.0625 10 4.00001; 648 15.8438 10 4.00001;
649 14.625 10 4.00001; 650 13.4063 10 4.00001; 651 12.1875 10 4.00001;
652 10.9688 10 4.00001; 653 9.75002 10 4.00001; 654 8.53127 10 4.00001;
655 7.31251 10 4.00001; 656 6.09376 10 4.00001; 657 4.87501 10 4.00001;
658 3.65626 10 4.00001; 659 2.43751 10 4.00001; 660 1.21875 10 4.00001;
661 39.0001 10 2; 662 0 10 2; 663 37.7813 10 2; 664 36.5626 10 2;
665 35.3438 10 2; 666 34.1251 10 2; 667 32.9063 10 2; 668 31.6876 10 2;
669 30.4688 10 2; 670 29.2501 10 2; 671 28.0313 10 2; 672 26.8126 10 2;
673 25.5938 10 2; 674 24.375 10 2; 675 23.1563 10 2; 676 21.9375 10 2;
677 20.7188 10 2; 678 19.5 10 2; 679 18.2813 10 2; 680 17.0625 10 2;
681 15.8438 10 2; 682 14.625 10 2; 683 13.4063 10 2; 684 12.1875 10 2;
685 10.9688 10 2; 686 9.75002 10 2; 687 8.53127 10 2; 688 7.31251 10 2;
689 6.09376 10 2; 690 4.87501 10 2; 691 3.65626 10 2; 692 2.43751 10 2;
693 1.21875 10 2; 694 0 12 4.00001; 695 39.0001 12 4.00001; 696 39.0001 12 0;
697 0 12 0; 698 37.7813 12 0; 699 36.5626 12 0; 700 35.3438 12 0;
701 34.1251 12 0; 702 32.9063 12 0; 703 31.6876 12 0; 704 30.4688 12 0;
705 29.2501 12 0; 706 28.0313 12 0; 707 26.8126 12 0; 708 25.5938 12 0;
709 24.375 12 0; 710 23.1563 12 0; 711 21.9375 12 0; 712 20.7188 12 0;
713 19.5 12 0; 714 18.2813 12 0; 715 17.0625 12 0; 716 15.8438 12 0;
717 14.625 12 0; 718 13.4063 12 0; 719 12.1875 12 0; 720 10.9688 12 0;
721 9.75002 12 0; 722 8.53127 12 0; 723 7.31251 12 0; 724 6.09376 12 0;
725 4.87501 12 0; 726 3.65626 12 0; 727 2.43751 12 0; 728 1.21875 12 0;
729 37.7813 12 4.00001; 730 36.5626 12 4.00001; 731 35.3438 12 4.00001;
732 34.1251 12 4.00001; 733 32.9063 12 4.00001; 734 31.6876 12 4.00001;
735 30.4688 12 4.00001; 736 29.2501 12 4.00001; 737 28.0313 12 4.00001;
738 26.8126 12 4.00001; 739 25.5938 12 4.00001; 740 24.375 12 4.00001;
741 23.1563 12 4.00001; 742 21.9375 12 4.00001; 743 20.7188 12 4.00001;
744 19.5 12 4.00001; 745 18.2813 12 4.00001; 746 17.0625 12 4.00001;
747 15.8438 12 4.00001; 748 14.625 12 4.00001; 749 13.4063 12 4.00001;
750 12.1875 12 4.00001; 751 10.9688 12 4.00001; 752 9.75002 12 4.00001;
753 8.53127 12 4.00001; 754 7.31251 12 4.00001; 755 6.09376 12 4.00001;
756 4.87501 12 4.00001; 757 3.65626 12 4.00001; 758 2.43751 12 4.00001;
759 1.21875 12 4.00001; 760 39.0001 12 2; 761 0 12 2; 762 37.7813 12 2;
763 36.5626 12 2; 764 35.3438 12 2; 765 34.1251 12 2; 766 32.9063 12 2;
767 31.6876 12 2; 768 30.4688 12 2; 769 29.2501 12 2; 770 28.0313 12 2;
771 26.8126 12 2; 772 25.5938 12 2; 773 24.375 12 2; 774 23.1563 12 2;
775 21.9375 12 2; 776 20.7188 12 2; 777 19.5 12 2; 778 18.2813 12 2;
779 17.0625 12 2; 780 15.8438 12 2; 781 14.625 12 2; 782 13.4063 12 2;
783 12.1875 12 2; 784 10.9688 12 2; 785 9.75002 12 2; 786 8.53127 12 2;
787 7.31251 12 2; 788 6.09376 12 2; 789 4.87501 12 2; 790 3.65626 12 2;
791 2.43751 12 2; 792 1.21875 12 2; 793 0 14 4.00001; 794 39.0001 14 4.00001;
795 39.0001 14 0; 796 0 14 0; 797 37.7813 14 0; 798 36.5626 14 0;
799 35.3438 14 0; 800 34.1251 14 0; 801 32.9063 14 0; 802 31.6876 14 0;
803 30.4688 14 0; 804 29.2501 14 0; 805 28.0313 14 0; 806 26.8126 14 0;
807 25.5938 14 0; 808 24.375 14 0; 809 23.1563 14 0; 810 21.9375 14 0;
811 20.7188 14 0; 812 19.5 14 0; 813 18.2813 14 0; 814 17.0625 14 0;
815 15.8438 14 0; 816 14.625 14 0; 817 13.4063 14 0; 818 12.1875 14 0;
819 10.9688 14 0; 820 9.75002 14 0; 821 8.53127 14 0; 822 7.31251 14 0;
823 6.09376 14 0; 824 4.87501 14 0; 825 3.65626 14 0; 826 2.43751 14 0;
827 1.21875 14 0; 828 37.7813 14 4.00001; 829 36.5626 14 4.00001;
830 35.3438 14 4.00001; 831 34.1251 14 4.00001; 832 32.9063 14 4.00001;
833 31.6876 14 4.00001; 834 30.4688 14 4.00001; 835 29.2501 14 4.00001;
836 28.0313 14 4.00001; 837 26.8126 14 4.00001; 838 25.5938 14 4.00001;
839 24.375 14 4.00001; 840 23.1563 14 4.00001; 841 21.9375 14 4.00001;
842 20.7188 14 4.00001; 843 19.5 14 4.00001; 844 18.2813 14 4.00001;
845 17.0625 14 4.00001; 846 15.8438 14 4.00001; 847 14.625 14 4.00001;
848 13.4063 14 4.00001; 849 12.1875 14 4.00001; 850 10.9688 14 4.00001;
851 9.75002 14 4.00001; 852 8.53127 14 4.00001; 853 7.31251 14 4.00001;
854 6.09376 14 4.00001; 855 4.87501 14 4.00001; 856 3.65626 14 4.00001;
857 2.43751 14 4.00001; 858 1.21875 14 4.00001; 859 39.0001 14 2; 860 0 14 2;
861 37.7813 14 2; 862 36.5626 14 2; 863 35.3438 14 2; 864 34.1251 14 2;
865 32.9063 14 2; 866 31.6876 14 2; 867 30.4688 14 2; 868 29.2501 14 2;
869 28.0313 14 2; 870 26.8126 14 2; 871 25.5938 14 2; 872 24.375 14 2;
873 23.1563 14 2; 874 21.9375 14 2; 875 20.7188 14 2; 876 19.5 14 2;
877 18.2813 14 2; 878 17.0625 14 2; 879 15.8438 14 2; 880 14.625 14 2;
881 13.4063 14 2; 882 12.1875 14 2; 883 10.9688 14 2; 884 9.75002 14 2;
885 8.53127 14 2; 886 7.31251 14 2; 887 6.09376 14 2; 888 4.87501 14 2;
889 3.65626 14 2; 890 2.43751 14 2; 891 1.21875 14 2; 892 0 14.5 4.00001;
893 39.0001 14.5 4.00001; 894 37.7813 14.5 4.00001; 895 36.5626 14.5 4.00001;
896 35.3438 14.5 4.00001; 897 34.1251 14.5 4.00001; 898 32.9063 14.5 4.00001;
899 31.6876 14.5 4.00001; 900 30.4688 14.5 4.00001; 901 29.2501 14.5 4.00001;
902 28.0313 14.5 4.00001; 903 26.8126 14.5 4.00001; 904 25.5938 14.5 4.00001;
905 24.375 14.5 4.00001; 906 23.1563 14.5 4.00001; 907 21.9375 14.5 4.00001;
908 20.7188 14.5 4.00001; 909 19.5 14.5 4.00001; 910 18.2813 14.5 4.00001;
911 17.0625 14.5 4.00001; 912 15.8438 14.5 4.00001; 913 14.625 14.5 4.00001;
914 13.4063 14.5 4.00001; 915 12.1875 14.5 4.00001; 916 10.9688 14.5 4.00001;
917 9.75002 14.5 4.00001; 918 8.53127 14.5 4.00001; 919 7.31251 14.5 4.00001;
920 6.09376 14.5 4.00001; 921 4.87501 14.5 4.00001; 922 3.65626 14.5 4.00001;
923 2.43751 14.5 4.00001; 924 1.21875 14.5 4.00001; 925 39.0001 14.5 2;
926 0 14.5 2; 927 37.7813 14.5 2; 928 36.5626 14.5 2; 929 35.3438 14.5 2;
930 34.1251 14.5 2; 931 32.9063 14.5 2; 932 31.6876 14.5 2; 933 30.4688 14.5 2;
934 29.2501 14.5 2; 935 28.0313 14.5 2; 936 26.8126 14.5 2; 937 25.5938 14.5 2;
938 24.375 14.5 2; 939 23.1563 14.5 2; 940 21.9375 14.5 2; 941 20.7188 14.5 2;
942 19.5 14.5 2; 943 18.2813 14.5 2; 944 17.0625 14.5 2; 945 15.8438 14.5 2;
946 14.625 14.5 2; 947 13.4063 14.5 2; 948 12.1875 14.5 2; 949 10.9688 14.5 2;
950 9.75002 14.5 2; 951 8.53127 14.5 2; 952 7.31251 14.5 2; 953 6.09376 14.5 2;
954 4.87501 14.5 2; 955 3.65626 14.5 2; 956 2.43751 14.5 2; 957 1.21875 14.5 2;
958 0 15 4.00001; 959 39.0001 15 4.00001; 960 37.7813 15 4.00001;
961 36.5626 15 4.00001; 962 35.3438 15 4.00001; 963 34.1251 15 4.00001;
964 32.9063 15 4.00001; 965 31.6876 15 4.00001; 966 30.4688 15 4.00001;
967 29.2501 15 4.00001; 968 28.0313 15 4.00001; 969 26.8126 15 4.00001;
970 25.5938 15 4.00001; 971 24.375 15 4.00001; 972 23.1563 15 4.00001;
973 21.9375 15 4.00001; 974 20.7188 15 4.00001; 975 19.5 15 4.00001;
976 18.2813 15 4.00001; 977 17.0625 15 4.00001; 978 15.8438 15 4.00001;
979 14.625 15 4.00001; 980 13.4063 15 4.00001; 981 12.1875 15 4.00001;
982 10.9688 15 4.00001; 983 9.75002 15 4.00001; 984 8.53127 15 4.00001;
985 7.31251 15 4.00001; 986 6.09376 15 4.00001; 987 4.87501 15 4.00001;
988 3.65626 15 4.00001; 989 2.43751 15 4.00001; 990 1.21875 15 4.00001;
991 39.0001 15 2; 992 0 15 2; 993 37.7813 15 2; 994 36.5626 15 2;
995 35.3438 15 2; 996 34.1251 15 2; 997 32.9063 15 2; 998 31.6876 15 2;
999 30.4688 15 2; 1000 29.2501 15 2; 1001 28.0313 15 2; 1002 26.8126 15 2;
1003 25.5938 15 2; 1004 24.375 15 2; 1005 23.1563 15 2; 1006 21.9375 15 2;
1007 20.7188 15 2; 1008 19.5 15 2; 1009 18.2813 15 2; 1010 17.0625 15 2;
1011 15.8438 15 2; 1012 14.625 15 2; 1013 13.4063 15 2; 1014 12.1875 15 2;
1015 10.9688 15 2; 1016 9.75002 15 2; 1017 8.53127 15 2; 1018 7.31251 15 2;
1019 6.09376 15 2; 1020 4.87501 15 2; 1021 3.65626 15 2; 1022 2.43751 15 2;
1023 1.21875 15 2;
MEMBER INCIDENCES
1 1 66; 2 2 67; 3 3 5; 4 4 68; 5 5 6; 6 6 7; 7 7 8; 8 8 9; 9 9 10; 10 10 11;
11 11 12; 12 12 13; 13 13 14; 14 14 15; 15 15 16; 16 16 17; 17 17 18; 18 18 19;
19 19 20; 20 20 21; 21 21 22; 22 22 23; 23 23 24; 24 24 25; 25 25 26; 26 26 27;
27 27 28; 28 28 29; 29 29 30; 30 30 31; 31 31 32; 32 32 33; 33 33 34; 34 34 35;
35 35 4; 36 36 2; 37 5 69; 38 37 36; 39 6 70; 40 38 37; 41 7 71; 42 39 38;
43 8 72; 44 40 39; 45 9 73; 46 41 40; 47 10 74; 48 42 41; 49 11 75; 50 43 42;
51 12 76; 52 44 43; 53 13 77; 54 45 44; 55 14 78; 56 46 45; 57 15 79; 58 47 46;
59 16 80; 60 48 47; 61 17 81; 62 49 48; 63 18 82; 64 50 49; 65 19 83; 66 51 50;
67 20 84; 68 52 51; 69 21 85; 70 53 52; 71 22 86; 72 54 53; 73 23 87; 74 55 54;
75 24 88; 76 56 55; 77 25 89; 78 57 56; 79 26 90; 80 58 57; 81 27 91; 82 59 58;
83 28 92; 84 60 59; 85 29 93; 86 61 60; 87 30 94; 88 62 61; 89 31 95; 90 63 62;
91 32 96; 92 64 63; 93 33 97; 94 65 64; 95 34 98; 96 66 65; 97 35 99; 98 67 3;
99 68 1; 100 69 36; 101 70 37; 102 71 38; 103 72 39; 104 73 40; 105 74 41;
106 75 42; 107 76 43; 108 77 44; 109 78 45; 110 79 46; 111 80 47; 112 81 48;
113 82 49; 114 83 50; 115 84 51; 116 85 52; 117 86 53; 118 87 54; 119 88 55;
120 89 56; 121 90 57; 122 91 58; 123 92 59; 124 93 60; 125 94 61; 126 95 62;
127 96 63; 128 97 64; 129 98 65; 130 99 66; 131 67 69; 132 69 70; 133 70 71;
134 71 72; 135 72 73; 136 73 74; 137 74 75; 138 75 76; 139 76 77; 140 77 78;
141 78 79; 142 79 80; 143 80 81; 144 81 82; 145 82 83; 146 83 84; 147 84 85;
148 85 86; 149 86 87; 150 87 88; 151 88 89; 152 89 90; 153 90 91; 154 91 92;
155 92 93; 156 93 94; 157 94 95; 158 95 96; 159 96 97; 160 97 98; 161 98 99;
162 99 68; 163 1 100; 164 2 101; 165 3 102; 166 4 103; 167 5 104; 168 6 105;
169 7 106; 170 8 107; 171 9 108; 172 10 109; 173 11 110; 174 12 111;
175 13 112; 176 14 113; 177 15 114; 178 16 115; 179 17 116; 180 18 117;
181 19 118; 182 20 119; 183 21 120; 184 22 121; 185 23 122; 186 24 123;
187 25 124; 188 26 125; 189 27 126; 190 28 127; 191 29 128; 192 30 129;
193 31 130; 194 32 131; 195 33 132; 196 34 133; 197 35 134; 198 36 135;
199 37 136; 200 38 137; 201 39 138; 202 40 139; 203 41 140; 204 42 141;
205 43 142; 206 44 143; 207 45 144; 208 46 145; 209 47 146; 210 48 147;
211 49 148; 212 50 149; 213 51 150; 214 52 151; 215 53 152; 216 54 153;
217 55 154; 218 56 155; 219 57 156; 220 58 157; 221 59 158; 222 60 159;
223 61 160; 224 62 161; 225 63 162; 226 64 163; 227 65 164; 228 66 165;
229 67 166; 230 68 167; 231 69 168; 232 70 169; 233 71 170; 234 72 171;
235 73 172; 236 74 173; 237 75 174; 238 76 175; 239 77 176; 240 78 177;
241 79 178; 242 80 179; 243 81 180; 244 82 181; 245 83 182; 246 84 183;
247 85 184; 248 86 185; 249 87 186; 250 88 187; 251 89 188; 252 90 189;
253 91 190; 254 92 191; 255 93 192; 256 94 193; 257 95 194; 258 96 195;
259 97 196; 260 98 197; 261 99 198; 262 1 199; 263 2 200; 264 3 201; 265 4 202;
266 5 203; 267 6 204; 268 7 205; 269 8 206; 270 9 207; 271 10 208; 272 11 209;
273 12 210; 274 13 211; 275 14 212; 276 15 213; 277 16 214; 278 17 215;
279 18 216; 280 19 217; 281 20 218; 282 21 219; 283 22 220; 284 23 221;
285 24 222; 286 25 223; 287 26 224; 288 27 225; 289 28 226; 290 29 227;
291 30 228; 292 31 229; 293 32 230; 294 33 231; 295 34 232; 296 35 233;
297 36 234; 298 37 235; 299 38 236; 300 39 237; 301 40 238; 302 41 239;
303 42 240; 304 43 241; 305 44 242; 306 45 243; 307 46 244; 308 47 245;
309 48 246; 310 49 247; 311 50 248; 312 51 249; 313 52 250; 314 53 251;
315 54 252; 316 55 253; 317 56 254; 318 57 255; 319 58 256; 320 59 257;
321 60 258; 322 61 259; 323 62 260; 324 63 261; 325 64 262; 326 65 263;
327 66 264; 328 67 265; 329 68 266; 330 69 267; 331 70 268; 332 71 269;
333 72 270; 334 73 271; 335 74 272; 336 75 273; 337 76 274; 338 77 275;
339 78 276; 340 79 277; 341 80 278; 342 81 279; 343 82 280; 344 83 281;
345 84 282; 346 85 283; 347 86 284; 348 87 285; 349 88 286; 350 89 287;
351 90 288; 352 91 289; 353 92 290; 354 93 291; 355 94 292; 356 95 293;
357 96 294; 358 97 295; 359 98 296; 360 99 297; 361 199 264; 362 200 265;
363 201 203; 364 202 266; 365 203 204; 366 204 205; 367 205 206; 368 206 207;
369 207 208; 370 208 209; 371 209 210; 372 210 211; 373 211 212; 374 212 213;
375 213 214; 376 214 215; 377 215 216; 378 216 217; 379 217 218; 380 218 219;
381 219 220; 382 220 221; 383 221 222; 384 222 223; 385 223 224; 386 224 225;
387 225 226; 388 226 227; 389 227 228; 390 228 229; 391 229 230; 392 230 231;
393 231 232; 394 232 233; 395 233 202; 396 234 200; 397 203 267; 398 235 234;
399 204 268; 400 236 235; 401 205 269; 402 237 236; 403 206 270; 404 238 237;
405 207 271; 406 239 238; 407 208 272; 408 240 239; 409 209 273; 410 241 240;
411 210 274; 412 242 241; 413 211 275; 414 243 242; 415 212 276; 416 244 243;
417 213 277; 418 245 244; 419 214 278; 420 246 245; 421 215 279; 422 247 246;
423 216 280; 424 248 247; 425 217 281; 426 249 248; 427 218 282; 428 250 249;
429 219 283; 430 251 250; 431 220 284; 432 252 251; 433 221 285; 434 253 252;
435 222 286; 436 254 253; 437 223 287; 438 255 254; 439 224 288; 440 256 255;
441 225 289; 442 257 256; 443 226 290; 444 258 257; 445 227 291; 446 259 258;
447 228 292; 448 260 259; 449 229 293; 450 261 260; 451 230 294; 452 262 261;
453 231 295; 454 263 262; 455 232 296; 456 264 263; 457 233 297; 458 265 201;
459 266 199; 460 267 234; 461 268 235; 462 269 236; 463 270 237; 464 271 238;
465 272 239; 466 273 240; 467 274 241; 468 275 242; 469 276 243; 470 277 244;
471 278 245; 472 279 246; 473 280 247; 474 281 248; 475 282 249; 476 283 250;
477 284 251; 478 285 252; 479 286 253; 480 287 254; 481 288 255; 482 289 256;
483 290 257; 484 291 258; 485 292 259; 486 293 260; 487 294 261; 488 295 262;
489 296 263; 490 297 264; 491 265 267; 492 267 268; 493 268 269; 494 269 270;
495 270 271; 496 271 272; 497 272 273; 498 273 274; 499 274 275; 500 275 276;
501 276 277; 502 277 278; 503 278 279; 504 279 280; 505 280 281; 506 281 282;
507 282 283; 508 283 284; 509 284 285; 510 285 286; 511 286 287; 512 287 288;
513 288 289; 514 289 290; 515 290 291; 516 291 292; 517 292 293; 518 293 294;
519 294 295; 520 295 296; 521 296 297; 522 297 266; 523 4 233; 524 233 34;
525 34 231; 526 231 32; 527 32 229; 528 229 30; 529 30 227; 530 227 28;
531 28 225; 532 225 26; 533 26 223; 534 223 24; 535 24 221; 536 221 22;
537 22 219; 538 219 20; 539 20 217; 540 217 18; 541 18 215; 542 215 16;
543 16 213; 544 213 14; 545 14 211; 546 211 12; 547 12 209; 548 209 10;
549 10 207; 550 207 8; 551 8 205; 552 205 6; 553 6 203; 554 203 3; 555 266 99;
556 99 296; 557 296 97; 558 97 294; 559 294 95; 560 95 292; 561 292 93;
562 93 290; 563 290 91; 564 91 288; 565 288 89; 566 89 286; 567 286 87;
568 87 284; 569 284 85; 570 85 282; 571 282 83; 572 83 280; 573 280 81;
574 81 278; 575 278 79; 576 79 276; 577 276 77; 578 77 274; 579 274 75;
580 75 272; 581 272 73; 582 73 270; 583 270 71; 584 71 268; 585 268 69;
586 69 265; 587 1 264; 588 264 65; 589 65 262; 590 262 63; 591 63 260;
592 260 61; 593 61 258; 594 258 59; 595 59 256; 596 256 57; 597 57 254;
598 254 55; 599 55 252; 600 252 53; 601 53 250; 602 250 51; 603 51 248;
604 248 49; 605 49 246; 606 246 47; 607 47 244; 608 244 45; 609 45 242;
610 242 43; 611 43 240; 612 240 41; 613 41 238; 614 238 39; 615 39 236;
616 236 37; 617 37 234; 618 234 2; 619 202 68; 620 68 199; 621 35 297;
622 297 66; 623 232 98; 624 98 263; 625 33 295; 626 295 64; 627 230 96;
628 96 261; 629 31 293; 630 293 62; 631 228 94; 632 94 259; 633 29 291;
634 291 60; 635 226 92; 636 92 257; 637 27 289; 638 289 58; 639 224 90;
640 90 255; 641 25 287; 642 287 56; 643 222 88; 644 88 253; 645 23 285;
646 285 54; 647 220 86; 648 86 251; 649 21 283; 650 283 52; 651 218 84;
652 84 249; 653 19 281; 654 281 50; 655 216 82; 656 82 247; 657 17 279;
658 279 48; 659 214 80; 660 80 245; 661 15 277; 662 277 46; 663 212 78;
664 78 243; 665 13 275; 666 275 44; 667 210 76; 668 76 241; 669 11 273;
670 273 42; 671 208 74; 672 74 239; 673 9 271; 674 271 40; 675 206 72;
676 72 237; 677 7 269; 678 269 38; 679 204 70; 680 70 235; 681 5 267;
682 267 36; 683 201 67; 684 67 200; 685 199 298; 686 200 299; 687 201 300;
688 202 301; 689 203 302; 690 204 303; 691 205 304; 692 206 305; 693 207 306;
694 208 307; 695 209 308; 696 210 309; 697 211 310; 698 212 311; 699 213 312;
700 214 313; 701 215 314; 702 216 315; 703 217 316; 704 218 317; 705 219 318;
706 220 319; 707 221 320; 708 222 321; 709 223 322; 710 224 323; 711 225 324;
712 226 325; 713 227 326; 714 228 327; 715 229 328; 716 230 329; 717 231 330;
718 232 331; 719 233 332; 720 234 333; 721 235 334; 722 236 335; 723 237 336;
724 238 337; 725 239 338; 726 240 339; 727 241 340; 728 242 341; 729 243 342;
730 244 343; 731 245 344; 732 246 345; 733 247 346; 734 248 347; 735 249 348;
736 250 349; 737 251 350; 738 252 351; 739 253 352; 740 254 353; 741 255 354;
742 256 355; 743 257 356; 744 258 357; 745 259 358; 746 260 359; 747 261 360;
748 262 361; 749 263 362; 750 264 363; 751 265 364; 752 266 365; 753 267 366;
754 268 367; 755 269 368; 756 270 369; 757 271 370; 758 272 371; 759 273 372;
760 274 373; 761 275 374; 762 276 375; 763 277 376; 764 278 377; 765 279 378;
766 280 379; 767 281 380; 768 282 381; 769 283 382; 770 284 383; 771 285 384;
772 286 385; 773 287 386; 774 288 387; 775 289 388; 776 290 389; 777 291 390;
778 292 391; 779 293 392; 780 294 393; 781 295 394; 782 296 395; 783 297 396;
784 298 363; 785 299 364; 786 300 302; 787 301 365; 788 302 303; 789 303 304;
790 304 305; 791 305 306; 792 306 307; 793 307 308; 794 308 309; 795 309 310;
796 310 311; 797 311 312; 798 312 313; 799 313 314; 800 314 315; 801 315 316;
802 316 317; 803 317 318; 804 318 319; 805 319 320; 806 320 321; 807 321 322;
808 322 323; 809 323 324; 810 324 325; 811 325 326; 812 326 327; 813 327 328;
814 328 329; 815 329 330; 816 330 331; 817 331 332; 818 332 301; 819 333 299;
820 302 366; 821 334 333; 822 303 367; 823 335 334; 824 304 368; 825 336 335;
826 305 369; 827 337 336; 828 306 370; 829 338 337; 830 307 371; 831 339 338;
832 308 372; 833 340 339; 834 309 373; 835 341 340; 836 310 374; 837 342 341;
838 311 375; 839 343 342; 840 312 376; 841 344 343; 842 313 377; 843 345 344;
844 314 378; 845 346 345; 846 315 379; 847 347 346; 848 316 380; 849 348 347;
850 317 381; 851 349 348; 852 318 382; 853 350 349; 854 319 383; 855 351 350;
856 320 384; 857 352 351; 858 321 385; 859 353 352; 860 322 386; 861 354 353;
862 323 387; 863 355 354; 864 324 388; 865 356 355; 866 325 389; 867 357 356;
868 326 390; 869 358 357; 870 327 391; 871 359 358; 872 328 392; 873 360 359;
874 329 393; 875 361 360; 876 330 394; 877 362 361; 878 331 395; 879 363 362;
880 332 396; 881 364 300; 882 365 298; 883 366 333; 884 367 334; 885 368 335;
886 369 336; 887 370 337; 888 371 338; 889 372 339; 890 373 340; 891 374 341;
892 375 342; 893 376 343; 894 377 344; 895 378 345; 896 379 346; 897 380 347;
898 381 348; 899 382 349; 900 383 350; 901 384 351; 902 385 352; 903 386 353;
904 387 354; 905 388 355; 906 389 356; 907 390 357; 908 391 358; 909 392 359;
910 393 360; 911 394 361; 912 395 362; 913 396 363; 914 364 366; 915 366 367;
916 367 368; 917 368 369; 918 369 370; 919 370 371; 920 371 372; 921 372 373;
922 373 374; 923 374 375; 924 375 376; 925 376 377; 926 377 378; 927 378 379;
928 379 380; 929 380 381; 930 381 382; 931 382 383; 932 383 384; 933 384 385;
934 385 386; 935 386 387; 936 387 388; 937 388 389; 938 389 390; 939 390 391;
940 391 392; 941 392 393; 942 393 394; 943 394 395; 944 395 396; 945 396 365;
946 202 332; 947 332 232; 948 232 330; 949 330 230; 950 230 328; 951 328 228;
952 228 326; 953 326 226; 954 226 324; 955 324 224; 956 224 322; 957 322 222;
958 222 320; 959 320 220; 960 220 318; 961 318 218; 962 218 316; 963 316 216;
964 216 314; 965 314 214; 966 214 312; 967 312 212; 968 212 310; 969 310 210;
970 210 308; 971 308 208; 972 208 306; 973 306 206; 974 206 304; 975 304 204;
976 204 302; 977 302 201; 978 365 297; 979 297 395; 980 395 295; 981 295 393;
982 393 293; 983 293 391; 984 391 291; 985 291 389; 986 389 289; 987 289 387;
988 387 287; 989 287 385; 990 385 285; 991 285 383; 992 383 283; 993 283 381;
994 381 281; 995 281 379; 996 379 279; 997 279 377; 998 377 277; 999 277 375;
1000 375 275; 1001 275 373; 1002 373 273; 1003 273 371; 1004 371 271;
1005 271 369; 1006 369 269; 1007 269 367; 1008 367 267; 1009 267 364;
1010 199 363; 1011 363 263; 1012 263 361; 1013 361 261; 1014 261 359;
1015 359 259; 1016 259 357; 1017 357 257; 1018 257 355; 1019 355 255;
1020 255 353; 1021 353 253; 1022 253 351; 1023 351 251; 1024 251 349;
1025 349 249; 1026 249 347; 1027 347 247; 1028 247 345; 1029 345 245;
1030 245 343; 1031 343 243; 1032 243 341; 1033 341 241; 1034 241 339;
1035 339 239; 1036 239 337; 1037 337 237; 1038 237 335; 1039 335 235;
1040 235 333; 1041 333 200; 1042 301 266; 1043 266 298; 1044 233 396;
1045 396 264; 1046 331 296; 1047 296 362; 1048 231 394; 1049 394 262;
1050 329 294; 1051 294 360; 1052 229 392; 1053 392 260; 1054 327 292;
1055 292 358; 1056 227 390; 1057 390 258; 1058 325 290; 1059 290 356;
1060 225 388; 1061 388 256; 1062 323 288; 1063 288 354; 1064 223 386;
1065 386 254; 1066 321 286; 1067 286 352; 1068 221 384; 1069 384 252;
1070 319 284; 1071 284 350; 1072 219 382; 1073 382 250; 1074 317 282;
1075 282 348; 1076 217 380; 1077 380 248; 1078 315 280; 1079 280 346;
1080 215 378; 1081 378 246; 1082 313 278; 1083 278 344; 1084 213 376;
1085 376 244; 1086 311 276; 1087 276 342; 1088 211 374; 1089 374 242;
1090 309 274; 1091 274 340; 1092 209 372; 1093 372 240; 1094 307 272;
1095 272 338; 1096 207 370; 1097 370 238; 1098 305 270; 1099 270 336;
1100 205 368; 1101 368 236; 1102 303 268; 1103 268 334; 1104 203 366;
1105 366 234; 1106 300 265; 1107 265 299; 1108 298 397; 1109 299 398;
1110 300 399; 1111 301 400; 1112 302 401; 1113 303 402; 1114 304 403;
1115 305 404; 1116 306 405; 1117 307 406; 1118 308 407; 1119 309 408;
1120 310 409; 1121 311 410; 1122 312 411; 1123 313 412; 1124 314 413;
1125 315 414; 1126 316 415; 1127 317 416; 1128 318 417; 1129 319 418;
1130 320 419; 1131 321 420; 1132 322 421; 1133 323 422; 1134 324 423;
1135 325 424; 1136 326 425; 1137 327 426; 1138 328 427; 1139 329 428;
1140 330 429; 1141 331 430; 1142 332 431; 1143 333 432; 1144 334 433;
1145 335 434; 1146 336 435; 1147 337 436; 1148 338 437; 1149 339 438;
1150 340 439; 1151 341 440; 1152 342 441; 1153 343 442; 1154 344 443;
1155 345 444; 1156 346 445; 1157 347 446; 1158 348 447; 1159 349 448;
1160 350 449; 1161 351 450; 1162 352 451; 1163 353 452; 1164 354 453;
1165 355 454; 1166 356 455; 1167 357 456; 1168 358 457; 1169 359 458;
1170 360 459; 1171 361 460; 1172 362 461; 1173 363 462; 1174 364 463;
1175 365 464; 1176 366 465; 1177 367 466; 1178 368 467; 1179 369 468;
1180 370 469; 1181 371 470; 1182 372 471; 1183 373 472; 1184 374 473;
1185 375 474; 1186 376 475; 1187 377 476; 1188 378 477; 1189 379 478;
1190 380 479; 1191 381 480; 1192 382 481; 1193 383 482; 1194 384 483;
1195 385 484; 1196 386 485; 1197 387 486; 1198 388 487; 1199 389 488;
1200 390 489; 1201 391 490; 1202 392 491; 1203 393 492; 1204 394 493;
1205 395 494; 1206 396 495; 1306 397 462; 1307 398 463; 1308 399 401;
1309 400 464; 1310 401 402; 1311 402 403; 1312 403 404; 1313 404 405;
1314 405 406; 1315 406 407; 1316 407 408; 1317 408 409; 1318 409 410;
1319 410 411; 1320 411 412; 1321 412 413; 1322 413 414; 1323 414 415;
1324 415 416; 1325 416 417; 1326 417 418; 1327 418 419; 1328 419 420;
1329 420 421; 1330 421 422; 1331 422 423; 1332 423 424; 1333 424 425;
1334 425 426; 1335 426 427; 1336 427 428; 1337 428 429; 1338 429 430;
1339 430 431; 1340 431 400; 1341 432 398; 1342 401 465; 1343 433 432;
1344 402 466; 1345 434 433; 1346 403 467; 1347 435 434; 1348 404 468;
1349 436 435; 1350 405 469; 1351 437 436; 1352 406 470; 1353 438 437;
1354 407 471; 1355 439 438; 1356 408 472; 1357 440 439; 1358 409 473;
1359 441 440; 1360 410 474; 1361 442 441; 1362 411 475; 1363 443 442;
1364 412 476; 1365 444 443; 1366 413 477; 1367 445 444; 1368 414 478;
1369 446 445; 1370 415 479; 1371 447 446; 1372 416 480; 1373 448 447;
1374 417 481; 1375 449 448; 1376 418 482; 1377 450 449; 1378 419 483;
1379 451 450; 1380 420 484; 1381 452 451; 1382 421 485; 1383 453 452;
1384 422 486; 1385 454 453; 1386 423 487; 1387 455 454; 1388 424 488;
1389 456 455; 1390 425 489; 1391 457 456; 1392 426 490; 1393 458 457;
1394 427 491; 1395 459 458; 1396 428 492; 1397 460 459; 1398 429 493;
1399 461 460; 1400 430 494; 1401 462 461; 1402 431 495; 1403 463 399;
1404 464 397; 1405 465 432; 1406 466 433; 1407 467 434; 1408 468 435;
1409 469 436; 1410 470 437; 1411 471 438; 1412 472 439; 1413 473 440;
1414 474 441; 1415 475 442; 1416 476 443; 1417 477 444; 1418 478 445;
1419 479 446; 1420 480 447; 1421 481 448; 1422 482 449; 1423 483 450;
1424 484 451; 1425 485 452; 1426 486 453; 1427 487 454; 1428 488 455;
1429 489 456; 1430 490 457; 1431 491 458; 1432 492 459; 1433 493 460;
1434 494 461; 1435 495 462; 1436 463 465; 1437 465 466; 1438 466 467;
1439 467 468; 1440 468 469; 1441 469 470; 1442 470 471; 1443 471 472;
1444 472 473; 1445 473 474; 1446 474 475; 1447 475 476; 1448 476 477;
1449 477 478; 1450 478 479; 1451 479 480; 1452 480 481; 1453 481 482;
1454 482 483; 1455 483 484; 1456 484 485; 1457 485 486; 1458 486 487;
1459 487 488; 1460 488 489; 1461 489 490; 1462 490 491; 1463 491 492;
1464 492 493; 1465 493 494; 1466 494 495; 1467 495 464; 1468 301 431;
1469 431 331; 1470 331 429; 1471 429 329; 1472 329 427; 1473 427 327;
1474 327 425; 1475 425 325; 1476 325 423; 1477 423 323; 1478 323 421;
1479 421 321; 1480 321 419; 1481 419 319; 1482 319 417; 1483 417 317;
1484 317 415; 1485 415 315; 1486 315 413; 1487 413 313; 1488 313 411;
1489 411 311; 1490 311 409; 1491 409 309; 1492 309 407; 1493 407 307;
1494 307 405; 1495 405 305; 1496 305 403; 1497 403 303; 1498 303 401;
1499 401 300; 1500 464 396; 1501 396 494; 1502 494 394; 1503 394 492;
1504 492 392; 1505 392 490; 1506 490 390; 1507 390 488; 1508 488 388;
1509 388 486; 1510 486 386; 1511 386 484; 1512 484 384; 1513 384 482;
1514 482 382; 1515 382 480; 1516 480 380; 1517 380 478; 1518 478 378;
1519 378 476; 1520 476 376; 1521 376 474; 1522 474 374; 1523 374 472;
1524 472 372; 1525 372 470; 1526 470 370; 1527 370 468; 1528 468 368;
1529 368 466; 1530 466 366; 1531 366 463; 1532 298 462; 1533 462 362;
1534 362 460; 1535 460 360; 1536 360 458; 1537 458 358; 1538 358 456;
1539 456 356; 1540 356 454; 1541 454 354; 1542 354 452; 1543 452 352;
1544 352 450; 1545 450 350; 1546 350 448; 1547 448 348; 1548 348 446;
1549 446 346; 1550 346 444; 1551 444 344; 1552 344 442; 1553 442 342;
1554 342 440; 1555 440 340; 1556 340 438; 1557 438 338; 1558 338 436;
1559 436 336; 1560 336 434; 1561 434 334; 1562 334 432; 1563 432 299;
1564 400 365; 1565 365 397; 1566 332 495; 1567 495 363; 1568 430 395;
1569 395 461; 1570 330 493; 1571 493 361; 1572 428 393; 1573 393 459;
1574 328 491; 1575 491 359; 1576 426 391; 1577 391 457; 1578 326 489;
1579 489 357; 1580 424 389; 1581 389 455; 1582 324 487; 1583 487 355;
1584 422 387; 1585 387 453; 1586 322 485; 1587 485 353; 1588 420 385;
1589 385 451; 1590 320 483; 1591 483 351; 1592 418 383; 1593 383 449;
1594 318 481; 1595 481 349; 1596 416 381; 1597 381 447; 1598 316 479;
1599 479 347; 1600 414 379; 1601 379 445; 1602 314 477; 1603 477 345;
1604 412 377; 1605 377 443; 1606 312 475; 1607 475 343; 1608 410 375;
1609 375 441; 1610 310 473; 1611 473 341; 1612 408 373; 1613 373 439;
1614 308 471; 1615 471 339; 1616 406 371; 1617 371 437; 1618 306 469;
1619 469 337; 1620 404 369; 1621 369 435; 1622 304 467; 1623 467 335;
1624 402 367; 1625 367 433; 1626 302 465; 1627 465 333; 1628 399 364;
1629 364 398; 1630 397 496; 1631 398 497; 1632 399 498; 1633 400 499;
1634 401 500; 1635 402 501; 1636 403 502; 1637 404 503; 1638 405 504;
1639 406 505; 1640 407 506; 1641 408 507; 1642 409 508; 1643 410 509;
1644 411 510; 1645 412 511; 1646 413 512; 1647 414 513; 1648 415 514;
1649 416 515; 1650 417 516; 1651 418 517; 1652 419 518; 1653 420 519;
1654 421 520; 1655 422 521; 1656 423 522; 1657 424 523; 1658 425 524;
1659 426 525; 1660 427 526; 1661 428 527; 1662 429 528; 1663 430 529;
1664 431 530; 1665 432 531; 1666 433 532; 1667 434 533; 1668 435 534;
1669 436 535; 1670 437 536; 1671 438 537; 1672 439 538; 1673 440 539;
1674 441 540; 1675 442 541; 1676 443 542; 1677 444 543; 1678 445 544;
1679 446 545; 1680 447 546; 1681 448 547; 1682 449 548; 1683 450 549;
1684 451 550; 1685 452 551; 1686 453 552; 1687 454 553; 1688 455 554;
1689 456 555; 1690 457 556; 1691 458 557; 1692 459 558; 1693 460 559;
1694 461 560; 1695 462 561; 1696 463 562; 1697 464 563; 1698 465 564;
1699 466 565; 1700 467 566; 1701 468 567; 1702 469 568; 1703 470 569;
1704 471 570; 1705 472 571; 1706 473 572; 1707 474 573; 1708 475 574;
1709 476 575; 1710 477 576; 1711 478 577; 1712 479 578; 1713 480 579;
1714 481 580; 1715 482 581; 1716 483 582; 1717 484 583; 1718 485 584;
1719 486 585; 1720 487 586; 1721 488 587; 1722 489 588; 1723 490 589;
1724 491 590; 1725 492 591; 1726 493 592; 1727 494 593; 1728 495 594;
1828 496 561; 1829 497 562; 1830 498 500; 1831 499 563; 1832 500 501;
1833 501 502; 1834 502 503; 1835 503 504; 1836 504 505; 1837 505 506;
1838 506 507; 1839 507 508; 1840 508 509; 1841 509 510; 1842 510 511;
1843 511 512; 1844 512 513; 1845 513 514; 1846 514 515; 1847 515 516;
1848 516 517; 1849 517 518; 1850 518 519; 1851 519 520; 1852 520 521;
1853 521 522; 1854 522 523; 1855 523 524; 1856 524 525; 1857 525 526;
1858 526 527; 1859 527 528; 1860 528 529; 1861 529 530; 1862 530 499;
1863 531 497; 1864 500 564; 1865 532 531; 1866 501 565; 1867 533 532;
1868 502 566; 1869 534 533; 1870 503 567; 1871 535 534; 1872 504 568;
1873 536 535; 1874 505 569; 1875 537 536; 1876 506 570; 1877 538 537;
1878 507 571; 1879 539 538; 1880 508 572; 1881 540 539; 1882 509 573;
1883 541 540; 1884 510 574; 1885 542 541; 1886 511 575; 1887 543 542;
1888 512 576; 1889 544 543; 1890 513 577; 1891 545 544; 1892 514 578;
1893 546 545; 1894 515 579; 1895 547 546; 1896 516 580; 1897 548 547;
1898 517 581; 1899 549 548; 1900 518 582; 1901 550 549; 1902 519 583;
1903 551 550; 1904 520 584; 1905 552 551; 1906 521 585; 1907 553 552;
1908 522 586; 1909 554 553; 1910 523 587; 1911 555 554; 1912 524 588;
1913 556 555; 1914 525 589; 1915 557 556; 1916 526 590; 1917 558 557;
1918 527 591; 1919 559 558; 1920 528 592; 1921 560 559; 1922 529 593;
1923 561 560; 1924 530 594; 1925 562 498; 1926 563 496; 1927 564 531;
1928 565 532; 1929 566 533; 1930 567 534; 1931 568 535; 1932 569 536;
1933 570 537; 1934 571 538; 1935 572 539; 1936 573 540; 1937 574 541;
1938 575 542; 1939 576 543; 1940 577 544; 1941 578 545; 1942 579 546;
1943 580 547; 1944 581 548; 1945 582 549; 1946 583 550; 1947 584 551;
1948 585 552; 1949 586 553; 1950 587 554; 1951 588 555; 1952 589 556;
1953 590 557; 1954 591 558; 1955 592 559; 1956 593 560; 1957 594 561;
1958 562 564; 1959 564 565; 1960 565 566; 1961 566 567; 1962 567 568;
1963 568 569; 1964 569 570; 1965 570 571; 1966 571 572; 1967 572 573;
1968 573 574; 1969 574 575; 1970 575 576; 1971 576 577; 1972 577 578;
1973 578 579; 1974 579 580; 1975 580 581; 1976 581 582; 1977 582 583;
1978 583 584; 1979 584 585; 1980 585 586; 1981 586 587; 1982 587 588;
1983 588 589; 1984 589 590; 1985 590 591; 1986 591 592; 1987 592 593;
1988 593 594; 1989 594 563; 1990 400 530; 1991 530 430; 1992 430 528;
1993 528 428; 1994 428 526; 1995 526 426; 1996 426 524; 1997 524 424;
1998 424 522; 1999 522 422; 2000 422 520; 2001 520 420; 2002 420 518;
2003 518 418; 2004 418 516; 2005 516 416; 2006 416 514; 2007 514 414;
2008 414 512; 2009 512 412; 2010 412 510; 2011 510 410; 2012 410 508;
2013 508 408; 2014 408 506; 2015 506 406; 2016 406 504; 2017 504 404;
2018 404 502; 2019 502 402; 2020 402 500; 2021 500 399; 2022 563 495;
2023 495 593; 2024 593 493; 2025 493 591; 2026 591 491; 2027 491 589;
2028 589 489; 2029 489 587; 2030 587 487; 2031 487 585; 2032 585 485;
2033 485 583; 2034 583 483; 2035 483 581; 2036 581 481; 2037 481 579;
2038 579 479; 2039 479 577; 2040 577 477; 2041 477 575; 2042 575 475;
2043 475 573; 2044 573 473; 2045 473 571; 2046 571 471; 2047 471 569;
2048 569 469; 2049 469 567; 2050 567 467; 2051 467 565; 2052 565 465;
2053 465 562; 2054 397 561; 2055 561 461; 2056 461 559; 2057 559 459;
2058 459 557; 2059 557 457; 2060 457 555; 2061 555 455; 2062 455 553;
2063 553 453; 2064 453 551; 2065 551 451; 2066 451 549; 2067 549 449;
2068 449 547; 2069 547 447; 2070 447 545; 2071 545 445; 2072 445 543;
2073 543 443; 2074 443 541; 2075 541 441; 2076 441 539; 2077 539 439;
2078 439 537; 2079 537 437; 2080 437 535; 2081 535 435; 2082 435 533;
2083 533 433; 2084 433 531; 2085 531 398; 2086 499 464; 2087 464 496;
2088 431 594; 2089 594 462; 2090 529 494; 2091 494 560; 2092 429 592;
2093 592 460; 2094 527 492; 2095 492 558; 2096 427 590; 2097 590 458;
2098 525 490; 2099 490 556; 2100 425 588; 2101 588 456; 2102 523 488;
2103 488 554; 2104 423 586; 2105 586 454; 2106 521 486; 2107 486 552;
2108 421 584; 2109 584 452; 2110 519 484; 2111 484 550; 2112 419 582;
2113 582 450; 2114 517 482; 2115 482 548; 2116 417 580; 2117 580 448;
2118 515 480; 2119 480 546; 2120 415 578; 2121 578 446; 2122 513 478;
2123 478 544; 2124 413 576; 2125 576 444; 2126 511 476; 2127 476 542;
2128 411 574; 2129 574 442; 2130 509 474; 2131 474 540; 2132 409 572;
2133 572 440; 2134 507 472; 2135 472 538; 2136 407 570; 2137 570 438;
2138 505 470; 2139 470 536; 2140 405 568; 2141 568 436; 2142 503 468;
2143 468 534; 2144 403 566; 2145 566 434; 2146 501 466; 2147 466 532;
2148 401 564; 2149 564 432; 2150 498 463; 2151 463 497; 2152 496 595;
2153 497 596; 2154 498 597; 2155 499 598; 2156 500 599; 2157 501 600;
2158 502 601; 2159 503 602; 2160 504 603; 2161 505 604; 2162 506 605;
2163 507 606; 2164 508 607; 2165 509 608; 2166 510 609; 2167 511 610;
2168 512 611; 2169 513 612; 2170 514 613; 2171 515 614; 2172 516 615;
2173 517 616; 2174 518 617; 2175 519 618; 2176 520 619; 2177 521 620;
2178 522 621; 2179 523 622; 2180 524 623; 2181 525 624; 2182 526 625;
2183 527 626; 2184 528 627; 2185 529 628; 2186 530 629; 2187 531 630;
2188 532 631; 2189 533 632; 2190 534 633; 2191 535 634; 2192 536 635;
2193 537 636; 2194 538 637; 2195 539 638; 2196 540 639; 2197 541 640;
2198 542 641; 2199 543 642; 2200 544 643; 2201 545 644; 2202 546 645;
2203 547 646; 2204 548 647; 2205 549 648; 2206 550 649; 2207 551 650;
2208 552 651; 2209 553 652; 2210 554 653; 2211 555 654; 2212 556 655;
2213 557 656; 2214 558 657; 2215 559 658; 2216 560 659; 2217 561 660;
2218 562 661; 2219 563 662; 2220 564 663; 2221 565 664; 2222 566 665;
2223 567 666; 2224 568 667; 2225 569 668; 2226 570 669; 2227 571 670;
2228 572 671; 2229 573 672; 2230 574 673; 2231 575 674; 2232 576 675;
2233 577 676; 2234 578 677; 2235 579 678; 2236 580 679; 2237 581 680;
2238 582 681; 2239 583 682; 2240 584 683; 2241 585 684; 2242 586 685;
2243 587 686; 2244 588 687; 2245 589 688; 2246 590 689; 2247 591 690;
2248 592 691; 2249 593 692; 2250 594 693; 2350 595 660; 2351 596 661;
2352 597 599; 2353 598 662; 2354 599 600; 2355 600 601; 2356 601 602;
2357 602 603; 2358 603 604; 2359 604 605; 2360 605 606; 2361 606 607;
2362 607 608; 2363 608 609; 2364 609 610; 2365 610 611; 2366 611 612;
2367 612 613; 2368 613 614; 2369 614 615; 2370 615 616; 2371 616 617;
2372 617 618; 2373 618 619; 2374 619 620; 2375 620 621; 2376 621 622;
2377 622 623; 2378 623 624; 2379 624 625; 2380 625 626; 2381 626 627;
2382 627 628; 2383 628 629; 2384 629 598; 2385 630 596; 2386 599 663;
2387 631 630; 2388 600 664; 2389 632 631; 2390 601 665; 2391 633 632;
2392 602 666; 2393 634 633; 2394 603 667; 2395 635 634; 2396 604 668;
2397 636 635; 2398 605 669; 2399 637 636; 2400 606 670; 2401 638 637;
2402 607 671; 2403 639 638; 2404 608 672; 2405 640 639; 2406 609 673;
2407 641 640; 2408 610 674; 2409 642 641; 2410 611 675; 2411 643 642;
2412 612 676; 2413 644 643; 2414 613 677; 2415 645 644; 2416 614 678;
2417 646 645; 2418 615 679; 2419 647 646; 2420 616 680; 2421 648 647;
2422 617 681; 2423 649 648; 2424 618 682; 2425 650 649; 2426 619 683;
2427 651 650; 2428 620 684; 2429 652 651; 2430 621 685; 2431 653 652;
2432 622 686; 2433 654 653; 2434 623 687; 2435 655 654; 2436 624 688;
2437 656 655; 2438 625 689; 2439 657 656; 2440 626 690; 2441 658 657;
2442 627 691; 2443 659 658; 2444 628 692; 2445 660 659; 2446 629 693;
2447 661 597; 2448 662 595; 2449 663 630; 2450 664 631; 2451 665 632;
2452 666 633; 2453 667 634; 2454 668 635; 2455 669 636; 2456 670 637;
2457 671 638; 2458 672 639; 2459 673 640; 2460 674 641; 2461 675 642;
2462 676 643; 2463 677 644; 2464 678 645; 2465 679 646; 2466 680 647;
2467 681 648; 2468 682 649; 2469 683 650; 2470 684 651; 2471 685 652;
2472 686 653; 2473 687 654; 2474 688 655; 2475 689 656; 2476 690 657;
2477 691 658; 2478 692 659; 2479 693 660; 2480 661 663; 2481 663 664;
2482 664 665; 2483 665 666; 2484 666 667; 2485 667 668; 2486 668 669;
2487 669 670; 2488 670 671; 2489 671 672; 2490 672 673; 2491 673 674;
2492 674 675; 2493 675 676; 2494 676 677; 2495 677 678; 2496 678 679;
2497 679 680; 2498 680 681; 2499 681 682; 2500 682 683; 2501 683 684;
2502 684 685; 2503 685 686; 2504 686 687; 2505 687 688; 2506 688 689;
2507 689 690; 2508 690 691; 2509 691 692; 2510 692 693; 2511 693 662;
2512 499 629; 2513 629 529; 2514 529 627; 2515 627 527; 2516 527 625;
2517 625 525; 2518 525 623; 2519 623 523; 2520 523 621; 2521 621 521;
2522 521 619; 2523 619 519; 2524 519 617; 2525 617 517; 2526 517 615;
2527 615 515; 2528 515 613; 2529 613 513; 2530 513 611; 2531 611 511;
2532 511 609; 2533 609 509; 2534 509 607; 2535 607 507; 2536 507 605;
2537 605 505; 2538 505 603; 2539 603 503; 2540 503 601; 2541 601 501;
2542 501 599; 2543 599 498; 2544 662 594; 2545 594 692; 2546 692 592;
2547 592 690; 2548 690 590; 2549 590 688; 2550 688 588; 2551 588 686;
2552 686 586; 2553 586 684; 2554 684 584; 2555 584 682; 2556 682 582;
2557 582 680; 2558 680 580; 2559 580 678; 2560 678 578; 2561 578 676;
2562 676 576; 2563 576 674; 2564 674 574; 2565 574 672; 2566 672 572;
2567 572 670; 2568 670 570; 2569 570 668; 2570 668 568; 2571 568 666;
2572 666 566; 2573 566 664; 2574 664 564; 2575 564 661; 2576 496 660;
2577 660 560; 2578 560 658; 2579 658 558; 2580 558 656; 2581 656 556;
2582 556 654; 2583 654 554; 2584 554 652; 2585 652 552; 2586 552 650;
2587 650 550; 2588 550 648; 2589 648 548; 2590 548 646; 2591 646 546;
2592 546 644; 2593 644 544; 2594 544 642; 2595 642 542; 2596 542 640;
2597 640 540; 2598 540 638; 2599 638 538; 2600 538 636; 2601 636 536;
2602 536 634; 2603 634 534; 2604 534 632; 2605 632 532; 2606 532 630;
2607 630 497; 2608 598 563; 2609 563 595; 2610 530 693; 2611 693 561;
2612 628 593; 2613 593 659; 2614 528 691; 2615 691 559; 2616 626 591;
2617 591 657; 2618 526 689; 2619 689 557; 2620 624 589; 2621 589 655;
2622 524 687; 2623 687 555; 2624 622 587; 2625 587 653; 2626 522 685;
2627 685 553; 2628 620 585; 2629 585 651; 2630 520 683; 2631 683 551;
2632 618 583; 2633 583 649; 2634 518 681; 2635 681 549; 2636 616 581;
2637 581 647; 2638 516 679; 2639 679 547; 2640 614 579; 2641 579 645;
2642 514 677; 2643 677 545; 2644 612 577; 2645 577 643; 2646 512 675;
2647 675 543; 2648 610 575; 2649 575 641; 2650 510 673; 2651 673 541;
2652 608 573; 2653 573 639; 2654 508 671; 2655 671 539; 2656 606 571;
2657 571 637; 2658 506 669; 2659 669 537; 2660 604 569; 2661 569 635;
2662 504 667; 2663 667 535; 2664 602 567; 2665 567 633; 2666 502 665;
2667 665 533; 2668 600 565; 2669 565 631; 2670 500 663; 2671 663 531;
2672 597 562; 2673 562 596; 2674 595 694; 2675 596 695; 2676 597 696;
2677 598 697; 2678 599 698; 2679 600 699; 2680 601 700; 2681 602 701;
2682 603 702; 2683 604 703; 2684 605 704; 2685 606 705; 2686 607 706;
2687 608 707; 2688 609 708; 2689 610 709; 2690 611 710; 2691 612 711;
2692 613 712; 2693 614 713; 2694 615 714; 2695 616 715; 2696 617 716;
2697 618 717; 2698 619 718; 2699 620 719; 2700 621 720; 2701 622 721;
2702 623 722; 2703 624 723; 2704 625 724; 2705 626 725; 2706 627 726;
2707 628 727; 2708 629 728; 2709 630 729; 2710 631 730; 2711 632 731;
2712 633 732; 2713 634 733; 2714 635 734; 2715 636 735; 2716 637 736;
2717 638 737; 2718 639 738; 2719 640 739; 2720 641 740; 2721 642 741;
2722 643 742; 2723 644 743; 2724 645 744; 2725 646 745; 2726 647 746;
2727 648 747; 2728 649 748; 2729 650 749; 2730 651 750; 2731 652 751;
2732 653 752; 2733 654 753; 2734 655 754; 2735 656 755; 2736 657 756;
2737 658 757; 2738 659 758; 2739 660 759; 2740 661 760; 2741 662 761;
2742 663 762; 2743 664 763; 2744 665 764; 2745 666 765; 2746 667 766;
2747 668 767; 2748 669 768; 2749 670 769; 2750 671 770; 2751 672 771;
2752 673 772; 2753 674 773; 2754 675 774; 2755 676 775; 2756 677 776;
2757 678 777; 2758 679 778; 2759 680 779; 2760 681 780; 2761 682 781;
2762 683 782; 2763 684 783; 2764 685 784; 2765 686 785; 2766 687 786;
2767 688 787; 2768 689 788; 2769 690 789; 2770 691 790; 2771 692 791;
2772 693 792; 2872 694 759; 2873 695 760; 2874 696 698; 2875 697 761;
2876 698 699; 2877 699 700; 2878 700 701; 2879 701 702; 2880 702 703;
2881 703 704; 2882 704 705; 2883 705 706; 2884 706 707; 2885 707 708;
2886 708 709; 2887 709 710; 2888 710 711; 2889 711 712; 2890 712 713;
2891 713 714; 2892 714 715; 2893 715 716; 2894 716 717; 2895 717 718;
2896 718 719; 2897 719 720; 2898 720 721; 2899 721 722; 2900 722 723;
2901 723 724; 2902 724 725; 2903 725 726; 2904 726 727; 2905 727 728;
2906 728 697; 2907 729 695; 2908 698 762; 2909 730 729; 2910 699 763;
2911 731 730; 2912 700 764; 2913 732 731; 2914 701 765; 2915 733 732;
2916 702 766; 2917 734 733; 2918 703 767; 2919 735 734; 2920 704 768;
2921 736 735; 2922 705 769; 2923 737 736; 2924 706 770; 2925 738 737;
2926 707 771; 2927 739 738; 2928 708 772; 2929 740 739; 2930 709 773;
2931 741 740; 2932 710 774; 2933 742 741; 2934 711 775; 2935 743 742;
2936 712 776; 2937 744 743; 2938 713 777; 2939 745 744; 2940 714 778;
2941 746 745; 2942 715 779; 2943 747 746; 2944 716 780; 2945 748 747;
2946 717 781; 2947 749 748; 2948 718 782; 2949 750 749; 2950 719 783;
2951 751 750; 2952 720 784; 2953 752 751; 2954 721 785; 2955 753 752;
2956 722 786; 2957 754 753; 2958 723 787; 2959 755 754; 2960 724 788;
2961 756 755; 2962 725 789; 2963 757 756; 2964 726 790; 2965 758 757;
2966 727 791; 2967 759 758; 2968 728 792; 2969 760 696; 2970 761 694;
2971 762 729; 2972 763 730; 2973 764 731; 2974 765 732; 2975 766 733;
2976 767 734; 2977 768 735; 2978 769 736; 2979 770 737; 2980 771 738;
2981 772 739; 2982 773 740; 2983 774 741; 2984 775 742; 2985 776 743;
2986 777 744; 2987 778 745; 2988 779 746; 2989 780 747; 2990 781 748;
2991 782 749; 2992 783 750; 2993 784 751; 2994 785 752; 2995 786 753;
2996 787 754; 2997 788 755; 2998 789 756; 2999 790 757; 3000 791 758;
3001 792 759; 3002 760 762; 3003 762 763; 3004 763 764; 3005 764 765;
3006 765 766; 3007 766 767; 3008 767 768; 3009 768 769; 3010 769 770;
3011 770 771; 3012 771 772; 3013 772 773; 3014 773 774; 3015 774 775;
3016 775 776; 3017 776 777; 3018 777 778; 3019 778 779; 3020 779 780;
3021 780 781; 3022 781 782; 3023 782 783; 3024 783 784; 3025 784 785;
3026 785 786; 3027 786 787; 3028 787 788; 3029 788 789; 3030 789 790;
3031 790 791; 3032 791 792; 3033 792 761; 3034 598 728; 3035 728 628;
3036 628 726; 3037 726 626; 3038 626 724; 3039 724 624; 3040 624 722;
3041 722 622; 3042 622 720; 3043 720 620; 3044 620 718; 3045 718 618;
3046 618 716; 3047 716 616; 3048 616 714; 3049 714 614; 3050 614 712;
3051 712 612; 3052 612 710; 3053 710 610; 3054 610 708; 3055 708 608;
3056 608 706; 3057 706 606; 3058 606 704; 3059 704 604; 3060 604 702;
3061 702 602; 3062 602 700; 3063 700 600; 3064 600 698; 3065 698 597;
3066 761 693; 3067 693 791; 3068 791 691; 3069 691 789; 3070 789 689;
3071 689 787; 3072 787 687; 3073 687 785; 3074 785 685; 3075 685 783;
3076 783 683; 3077 683 781; 3078 781 681; 3079 681 779; 3080 779 679;
3081 679 777; 3082 777 677; 3083 677 775; 3084 775 675; 3085 675 773;
3086 773 673; 3087 673 771; 3088 771 671; 3089 671 769; 3090 769 669;
3091 669 767; 3092 767 667; 3093 667 765; 3094 765 665; 3095 665 763;
3096 763 663; 3097 663 760; 3098 595 759; 3099 759 659; 3100 659 757;
3101 757 657; 3102 657 755; 3103 755 655; 3104 655 753; 3105 753 653;
3106 653 751; 3107 751 651; 3108 651 749; 3109 749 649; 3110 649 747;
3111 747 647; 3112 647 745; 3113 745 645; 3114 645 743; 3115 743 643;
3116 643 741; 3117 741 641; 3118 641 739; 3119 739 639; 3120 639 737;
3121 737 637; 3122 637 735; 3123 735 635; 3124 635 733; 3125 733 633;
3126 633 731; 3127 731 631; 3128 631 729; 3129 729 596; 3130 697 662;
3131 662 694; 3132 629 792; 3133 792 660; 3134 727 692; 3135 692 758;
3136 627 790; 3137 790 658; 3138 725 690; 3139 690 756; 3140 625 788;
3141 788 656; 3142 723 688; 3143 688 754; 3144 623 786; 3145 786 654;
3146 721 686; 3147 686 752; 3148 621 784; 3149 784 652; 3150 719 684;
3151 684 750; 3152 619 782; 3153 782 650; 3154 717 682; 3155 682 748;
3156 617 780; 3157 780 648; 3158 715 680; 3159 680 746; 3160 615 778;
3161 778 646; 3162 713 678; 3163 678 744; 3164 613 776; 3165 776 644;
3166 711 676; 3167 676 742; 3168 611 774; 3169 774 642; 3170 709 674;
3171 674 740; 3172 609 772; 3173 772 640; 3174 707 672; 3175 672 738;
3176 607 770; 3177 770 638; 3178 705 670; 3179 670 736; 3180 605 768;
3181 768 636; 3182 703 668; 3183 668 734; 3184 603 766; 3185 766 634;
3186 701 666; 3187 666 732; 3188 601 764; 3189 764 632; 3190 699 664;
3191 664 730; 3192 599 762; 3193 762 630; 3194 696 661; 3195 661 695;
3196 694 793; 3197 695 794; 3198 696 795; 3199 697 796; 3200 698 797;
3201 699 798; 3202 700 799; 3203 701 800; 3204 702 801; 3205 703 802;
3206 704 803; 3207 705 804; 3208 706 805; 3209 707 806; 3210 708 807;
3211 709 808; 3212 710 809; 3213 711 810; 3214 712 811; 3215 713 812;
3216 714 813; 3217 715 814; 3218 716 815; 3219 717 816; 3220 718 817;
3221 719 818; 3222 720 819; 3223 721 820; 3224 722 821; 3225 723 822;
3226 724 823; 3227 725 824; 3228 726 825; 3229 727 826; 3230 728 827;
3231 729 828; 3232 730 829; 3233 731 830; 3234 732 831; 3235 733 832;
3236 734 833; 3237 735 834; 3238 736 835; 3239 737 836; 3240 738 837;
3241 739 838; 3242 740 839; 3243 741 840; 3244 742 841; 3245 743 842;
3246 744 843; 3247 745 844; 3248 746 845; 3249 747 846; 3250 748 847;
3251 749 848; 3252 750 849; 3253 751 850; 3254 752 851; 3255 753 852;
3256 754 853; 3257 755 854; 3258 756 855; 3259 757 856; 3260 758 857;
3261 759 858; 3262 760 859; 3263 761 860; 3264 762 861; 3265 763 862;
3266 764 863; 3267 765 864; 3268 766 865; 3269 767 866; 3270 768 867;
3271 769 868; 3272 770 869; 3273 771 870; 3274 772 871; 3275 773 872;
3276 774 873; 3277 775 874; 3278 776 875; 3279 777 876; 3280 778 877;
3281 779 878; 3282 780 879; 3283 781 880; 3284 782 881; 3285 783 882;
3286 784 883; 3287 785 884; 3288 786 885; 3289 787 886; 3290 788 887;
3291 789 888; 3292 790 889; 3293 791 890; 3294 792 891; 3394 793 858;
3395 794 859; 3396 795 797; 3397 796 860; 3398 797 798; 3399 798 799;
3400 799 800; 3401 800 801; 3402 801 802; 3403 802 803; 3404 803 804;
3405 804 805; 3406 805 806; 3407 806 807; 3408 807 808; 3409 808 809;
3410 809 810; 3411 810 811; 3412 811 812; 3413 812 813; 3414 813 814;
3415 814 815; 3416 815 816; 3417 816 817; 3418 817 818; 3419 818 819;
3420 819 820; 3421 820 821; 3422 821 822; 3423 822 823; 3424 823 824;
3425 824 825; 3426 825 826; 3427 826 827; 3428 827 796; 3429 828 794;
3430 797 861; 3431 829 828; 3432 798 862; 3433 830 829; 3434 799 863;
3435 831 830; 3436 800 864; 3437 832 831; 3438 801 865; 3439 833 832;
3440 802 866; 3441 834 833; 3442 803 867; 3443 835 834; 3444 804 868;
3445 836 835; 3446 805 869; 3447 837 836; 3448 806 870; 3449 838 837;
3450 807 871; 3451 839 838; 3452 808 872; 3453 840 839; 3454 809 873;
3455 841 840; 3456 810 874; 3457 842 841; 3458 811 875; 3459 843 842;
3460 812 876; 3461 844 843; 3462 813 877; 3463 845 844; 3464 814 878;
3465 846 845; 3466 815 879; 3467 847 846; 3468 816 880; 3469 848 847;
3470 817 881; 3471 849 848; 3472 818 882; 3473 850 849; 3474 819 883;
3475 851 850; 3476 820 884; 3477 852 851; 3478 821 885; 3479 853 852;
3480 822 886; 3481 854 853; 3482 823 887; 3483 855 854; 3484 824 888;
3485 856 855; 3486 825 889; 3487 857 856; 3488 826 890; 3489 858 857;
3490 827 891; 3491 859 795; 3492 860 793; 3493 861 828; 3494 862 829;
3495 863 830; 3496 864 831; 3497 865 832; 3498 866 833; 3499 867 834;
3500 868 835; 3501 869 836; 3502 870 837; 3503 871 838; 3504 872 839;
3505 873 840; 3506 874 841; 3507 875 842; 3508 876 843; 3509 877 844;
3510 878 845; 3511 879 846; 3512 880 847; 3513 881 848; 3514 882 849;
3515 883 850; 3516 884 851; 3517 885 852; 3518 886 853; 3519 887 854;
3520 888 855; 3521 889 856; 3522 890 857; 3523 891 858; 3524 859 861;
3525 861 862; 3526 862 863; 3527 863 864; 3528 864 865; 3529 865 866;
3530 866 867; 3531 867 868; 3532 868 869; 3533 869 870; 3534 870 871;
3535 871 872; 3536 872 873; 3537 873 874; 3538 874 875; 3539 875 876;
3540 876 877; 3541 877 878; 3542 878 879; 3543 879 880; 3544 880 881;
3545 881 882; 3546 882 883; 3547 883 884; 3548 884 885; 3549 885 886;
3550 886 887; 3551 887 888; 3552 888 889; 3553 889 890; 3554 890 891;
3555 891 860; 3556 697 827; 3557 827 727; 3558 727 825; 3559 825 725;
3560 725 823; 3561 823 723; 3562 723 821; 3563 821 721; 3564 721 819;
3565 819 719; 3566 719 817; 3567 817 717; 3568 717 815; 3569 815 715;
3570 715 813; 3571 813 713; 3572 713 811; 3573 811 711; 3574 711 809;
3575 809 709; 3576 709 807; 3577 807 707; 3578 707 805; 3579 805 705;
3580 705 803; 3581 803 703; 3582 703 801; 3583 801 701; 3584 701 799;
3585 799 699; 3586 699 797; 3587 797 696; 3588 860 792; 3589 792 890;
3590 890 790; 3591 790 888; 3592 888 788; 3593 788 886; 3594 886 786;
3595 786 884; 3596 884 784; 3597 784 882; 3598 882 782; 3599 782 880;
3600 880 780; 3601 780 878; 3602 878 778; 3603 778 876; 3604 876 776;
3605 776 874; 3606 874 774; 3607 774 872; 3608 872 772; 3609 772 870;
3610 870 770; 3611 770 868; 3612 868 768; 3613 768 866; 3614 866 766;
3615 766 864; 3616 864 764; 3617 764 862; 3618 862 762; 3619 762 859;
3620 694 858; 3621 858 758; 3622 758 856; 3623 856 756; 3624 756 854;
3625 854 754; 3626 754 852; 3627 852 752; 3628 752 850; 3629 850 750;
3630 750 848; 3631 848 748; 3632 748 846; 3633 846 746; 3634 746 844;
3635 844 744; 3636 744 842; 3637 842 742; 3638 742 840; 3639 840 740;
3640 740 838; 3641 838 738; 3642 738 836; 3643 836 736; 3644 736 834;
3645 834 734; 3646 734 832; 3647 832 732; 3648 732 830; 3649 830 730;
3650 730 828; 3651 828 695; 3652 796 761; 3653 761 793; 3654 728 891;
3655 891 759; 3656 826 791; 3657 791 857; 3658 726 889; 3659 889 757;
3660 824 789; 3661 789 855; 3662 724 887; 3663 887 755; 3664 822 787;
3665 787 853; 3666 722 885; 3667 885 753; 3668 820 785; 3669 785 851;
3670 720 883; 3671 883 751; 3672 818 783; 3673 783 849; 3674 718 881;
3675 881 749; 3676 816 781; 3677 781 847; 3678 716 879; 3679 879 747;
3680 814 779; 3681 779 845; 3682 714 877; 3683 877 745; 3684 812 777;
3685 777 843; 3686 712 875; 3687 875 743; 3688 810 775; 3689 775 841;
3690 710 873; 3691 873 741; 3692 808 773; 3693 773 839; 3694 708 871;
3695 871 739; 3696 806 771; 3697 771 837; 3698 706 869; 3699 869 737;
3700 804 769; 3701 769 835; 3702 704 867; 3703 867 735; 3704 802 767;
3705 767 833; 3706 702 865; 3707 865 733; 3708 800 765; 3709 765 831;
3710 700 863; 3711 863 731; 3712 798 763; 3713 763 829; 3714 698 861;
3715 861 729; 3716 795 760; 3717 760 794; 3718 793 892; 3719 794 893;
3720 828 894; 3721 829 895; 3722 830 896; 3723 831 897; 3724 832 898;
3725 833 899; 3726 834 900; 3727 835 901; 3728 836 902; 3729 837 903;
3730 838 904; 3731 839 905; 3732 840 906; 3733 841 907; 3734 842 908;
3735 843 909; 3736 844 910; 3737 845 911; 3738 846 912; 3739 847 913;
3740 848 914; 3741 849 915; 3742 850 916; 3743 851 917; 3744 852 918;
3745 853 919; 3746 854 920; 3747 855 921; 3748 856 922; 3749 857 923;
3750 858 924; 3751 859 925; 3752 860 926; 3753 861 927; 3754 862 928;
3755 863 929; 3756 864 930; 3757 865 931; 3758 866 932; 3759 867 933;
3760 868 934; 3761 869 935; 3762 870 936; 3763 871 937; 3764 872 938;
3765 873 939; 3766 874 940; 3767 875 941; 3768 876 942; 3769 877 943;
3770 878 944; 3771 879 945; 3772 880 946; 3773 881 947; 3774 882 948;
3775 883 949; 3776 884 950; 3777 885 951; 3778 886 952; 3779 887 953;
3780 888 954; 3781 889 955; 3782 890 956; 3783 891 957; 3784 892 924;
3785 893 925; 3786 894 893; 3787 895 894; 3788 896 895; 3789 897 896;
3790 898 897; 3791 899 898; 3792 900 899; 3793 901 900; 3794 902 901;
3795 903 902; 3796 904 903; 3797 905 904; 3798 906 905; 3799 907 906;
3800 908 907; 3801 909 908; 3802 910 909; 3803 911 910; 3804 912 911;
3805 913 912; 3806 914 913; 3807 915 914; 3808 916 915; 3809 917 916;
3810 918 917; 3811 919 918; 3812 920 919; 3813 921 920; 3814 922 921;
3815 923 922; 3816 924 923; 3817 926 892; 3818 925 927; 3819 927 928;
3820 928 929; 3821 929 930; 3822 930 931; 3823 931 932; 3824 932 933;
3825 933 934; 3826 934 935; 3827 935 936; 3828 936 937; 3829 937 938;
3830 938 939; 3831 939 940; 3832 940 941; 3833 941 942; 3834 942 943;
3835 943 944; 3836 944 945; 3837 945 946; 3838 946 947; 3839 947 948;
3840 948 949; 3841 949 950; 3842 950 951; 3843 951 952; 3844 952 953;
3845 953 954; 3846 954 955; 3847 955 956; 3848 956 957; 3849 957 926;
3850 892 958; 3851 893 959; 3852 894 960; 3853 895 961; 3854 896 962;
3855 897 963; 3856 898 964; 3857 899 965; 3858 900 966; 3859 901 967;
3860 902 968; 3861 903 969; 3862 904 970; 3863 905 971; 3864 906 972;
3865 907 973; 3866 908 974; 3867 909 975; 3868 910 976; 3869 911 977;
3870 912 978; 3871 913 979; 3872 914 980; 3873 915 981; 3874 916 982;
3875 917 983; 3876 918 984; 3877 919 985; 3878 920 986; 3879 921 987;
3880 922 988; 3881 923 989; 3882 924 990; 3883 925 991; 3884 926 992;
3885 927 993; 3886 928 994; 3887 929 995; 3888 930 996; 3889 931 997;
3890 932 998; 3891 933 999; 3892 934 1000; 3893 935 1001; 3894 936 1002;
3895 937 1003; 3896 938 1004; 3897 939 1005; 3898 940 1006; 3899 941 1007;
3900 942 1008; 3901 943 1009; 3902 944 1010; 3903 945 1011; 3904 946 1012;
3905 947 1013; 3906 948 1014; 3907 949 1015; 3908 950 1016; 3909 951 1017;
3910 952 1018; 3911 953 1019; 3912 954 1020; 3913 955 1021; 3914 956 1022;
3915 957 1023; 3916 958 990; 3917 959 991; 3918 960 959; 3919 961 960;
3920 962 961; 3921 963 962; 3922 964 963; 3923 965 964; 3924 966 965;
3925 967 966; 3926 968 967; 3927 969 968; 3928 970 969; 3929 971 970;
3930 972 971; 3931 973 972; 3932 974 973; 3933 975 974; 3934 976 975;
3935 977 976; 3936 978 977; 3937 979 978; 3938 980 979; 3939 981 980;
3940 982 981; 3941 983 982; 3942 984 983; 3943 985 984; 3944 986 985;
3945 987 986; 3946 988 987; 3947 989 988; 3948 990 989; 3949 992 958;
3950 991 993; 3951 993 994; 3952 994 995; 3953 995 996; 3954 996 997;
3955 997 998; 3956 998 999; 3957 999 1000; 3958 1000 1001; 3959 1001 1002;
3960 1002 1003; 3961 1003 1004; 3962 1004 1005; 3963 1005 1006; 3964 1006 1007;
3965 1007 1008; 3966 1008 1009; 3967 1009 1010; 3968 1010 1011; 3969 1011 1012;
3970 1012 1013; 3971 1013 1014; 3972 1014 1015; 3973 1015 1016; 3974 1016 1017;
3975 1017 1018; 3976 1018 1019; 3977 1019 1020; 3978 1020 1021; 3979 1021 1022;
3980 1022 1023; 3981 1023 992;
MEMBER RELEASE
523 TO 684 946 TO 1107 1468 TO 1629 1990 TO 2151 2512 TO 2673 3034 TO 3195 -
3556 TO 3717 START MX MY MZ
523 TO 684 946 TO 1107 1468 TO 1629 1990 TO 2151 2512 TO 2673 3034 TO 3195 -
3556 TO 3717 END MX MY MZ
DEFINE MATERIAL START
ISOTROPIC STEEL
E 1.99947e+08
POISSON 0.3
DENSITY 76.8191
ALPHA 6.5e-06
DAMP 0.03
G 7.7221e+07
TYPE STEEL
STRENGTH RY 1.5 RT 1.2
END DEFINE MATERIAL
MEMBER PROPERTY BRITISH
1 TO 1206 1306 TO 1728 1828 TO 2250 2350 TO 2772 2872 TO 3294 3394 TO 3980 -
3981 TABLE ST PIP483.6
CONSTANTS
MATERIAL STEEL ALL
SUPPORTS
100 TO 198 FIXED BUT MX MY MZ KFX 47.844 KFZ 47.844
LOAD 1 LOADTYPE Dead  TITLE DL
SELFWEIGHT Y -1.1 
LOAD 2 LOADTYPE Live  TITLE LL
MEMBER LOAD
3395 3492 UNI GY -0.914
3493 TO 3523 UNI GY -1.829
LOAD 3 LOADTYPE Live  TITLE HLX
MEMBER LOAD
3785 3817 3917 3949 UNI GX 0.15
LOAD 4 LOADTYPE Live  TITLE HLZ
MEMBER LOAD
3784 3786 TO 3816 3818 TO 3849 3916 3918 TO 3948 3950 TO 3981 UNI GZ 0.15
LOAD 5 LOADTYPE Wind  TITLE WLX
MEMBER LOAD
2 4 37 39 41 43 45 47 49 51 53 55 57 59 61 63 65 67 69 71 73 75 77 79 81 83 -
85 87 89 91 93 95 97 TO 130 163 TO 360 362 364 397 399 401 403 405 407 409 -
411 413 415 417 419 421 423 425 427 429 431 433 435 437 439 441 443 445 447 -
449 451 453 455 457 TO 490 685 TO 783 785 787 820 822 824 826 828 830 832 -
834 836 838 840 842 844 846 848 850 852 854 856 858 860 862 864 866 868 870 -
872 874 876 878 880 TO 913 1108 TO 1206 1307 1309 1342 1344 1346 1348 1350 -
1352 1354 1356 1358 1360 1362 1364 1366 1368 1370 1372 1374 1376 1378 1380 -
1382 1384 1386 1388 1390 1392 1394 1396 1398 1400 1402 TO 1435 1630 TO 1728 -
1829 1831 1864 1866 1868 1870 1872 1874 1876 1878 1880 1882 1884 1886 1888 -
1890 1892 1894 1896 1898 1900 1902 1904 1906 1908 1910 1912 1914 1916 1918 -
1920 1922 1924 TO 1957 2152 TO 2250 2351 2353 2386 2388 2390 2392 2394 2396 -
2398 2400 2402 2404 2406 2408 2410 2412 2414 2416 2418 2420 2422 2424 2426 -
2428 2430 2432 2434 2436 2438 2440 2442 2444 2446 TO 2479 2674 TO 2772 2873 -
2875 2908 2910 2912 2914 2916 2918 2920 2922 2924 2926 2928 2930 2932 2934 -
2936 2938 2940 2942 2944 2946 2948 2950 2952 2954 2956 2958 2960 2962 2964 -
2966 2968 TO 3001 3196 TO 3294 3395 3397 3430 3432 3434 3436 3438 3440 3442 -
3444 3446 3448 3450 3452 UNI GX 0.073
3454 3456 3458 3460 3462 3464 3466 3468 3470 3472 3474 3476 3478 3480 3482 -
3484 3486 3488 3490 TO 3523 3718 TO 3783 3785 3817 3850 TO 3915 3917 -
3949 UNI GX 0.073
LOAD 6 LOADTYPE Wind  TITLE WLZ
MEMBER LOAD
1 3 5 TO 36 38 40 42 44 46 48 50 52 54 56 58 60 62 64 66 68 70 72 74 76 78 -
80 82 84 86 88 90 92 94 96 131 TO 361 363 365 TO 396 398 400 402 404 406 -
408 410 412 414 416 418 420 422 424 426 428 430 432 434 436 438 440 442 444 -
446 448 450 452 454 456 491 TO 522 685 TO 784 786 788 TO 819 821 823 825 -
827 829 831 833 835 837 839 841 843 845 847 849 851 853 855 857 859 861 863 -
865 867 869 871 873 875 877 879 914 TO 945 1108 TO 1206 1306 1308 -
1310 TO 1341 1343 1345 1347 1349 1351 1353 1355 1357 1359 1361 1363 1365 -
1367 1369 1371 1373 1375 1377 1379 1381 1383 1385 1387 1389 1391 1393 1395 -
1397 1399 1401 1436 TO 1467 1630 TO 1728 1828 1830 1832 TO 1863 1865 1867 -
1869 1871 1873 1875 1877 1879 1881 1883 1885 1887 1889 1891 1893 1895 1897 -
1899 1901 1903 1905 1907 1909 1911 1913 1915 1917 1919 1921 1923 -
1958 TO 1989 2152 TO 2250 2350 2352 2354 TO 2385 2387 2389 2391 2393 2395 -
2397 2399 2401 2403 2405 2407 2409 2411 2413 2415 2417 2419 2421 2423 2425 -
2427 2429 2431 2433 2435 2437 2439 2441 2443 2445 2480 TO 2511 2674 TO 2772 -
2872 2874 2876 TO 2907 2909 2911 2913 2915 2917 2919 2921 2923 2925 2927 -
2929 2931 2933 2935 2937 2939 2941 2943 2945 2947 2949 2951 2953 2955 2957 -
2959 2961 2963 2965 2967 3002 TO 3033 3196 UNI GZ 0.073
3197 TO 3294 3394 3396 3398 TO 3429 3431 3433 3435 3437 3439 3441 3443 3445 -
3447 3449 3451 3453 3455 3457 3459 3461 3463 3465 3467 3469 3471 3473 3475 -
3477 3479 3481 3483 3485 3487 3489 3524 TO 3555 3718 TO 3784 3786 TO 3816 -
3818 TO 3916 3918 TO 3948 3950 TO 3981 UNI GZ 0.073
LOAD COMB 7 SLS DL + LL
1 1.0 2 1.0 
LOAD COMB 8 SLS DL + LL + HLX
1 1.0 2 1.0 3 1.0 
LOAD COMB 9 SLS DL + LL + HLZ
1 1.0 2 1.0 4 1.0 
LOAD COMB 10 SLS DL + WLX
1 1.0 5 1.0 
LOAD COMB 11 SLS DL + WLZ
1 1.0 6 1.0 
LOAD COMB 12 SLS DL + LL + WLX
1 1.0 2 1.0 5 1.0 
LOAD COMB 13 SLS DL + LL + WLZ
1 1.0 2 1.0 6 1.0 
LOAD COMB 14 SLS DL + LL + WLX + HLX
1 1.0 2 1.0 6 1.0 3 1.0 
LOAD COMB 15 SLS DL + LL + WLZ + HLZ
1 1.0 2 1.0 6 1.0 4 1.0 
LOAD COMB 16 ULS 1.5DL + 1.5LL
1 1.5 2 1.5 
LOAD COMB 17 ULS 1.5DL + 1.5LL + 1.5HLX
1 1.5 2 1.5 3 1.5 
LOAD COMB 18 ULS 1.5DL + 1.5LL + 1.5HLZ
1 1.5 2 1.5 4 1.5 
LOAD COMB 19 ULS 1.5DL + 1.5LL + 1.5WLX
1 1.5 2 1.5 5 1.5 
LOAD COMB 20 ULS 1.5DL + 1.5LL + 1.5WLZ
1 1.5 2 1.5 6 1.5 
LOAD COMB 21 ULS 1.5DL + 1.5LL + 1.5WLX + 1.5HLX
1 1.5 2 1.5 6 1.5 3 1.5 
LOAD COMB 22 ULS 1.5DL + 1.5LL + 1.5WLZ + 1.5HLZ
1 1.5 2 1.5 6 1.5 4 1.5 
LOAD COMB 23 ULS 1.5DL + 1.5WLX
1 1.5 5 1.5 
LOAD COMB 24 ULS 1.5DL + 1.5WLZ
1 1.5 6 1.5 
LOAD COMB 25 ULS DL + 1.5WLX
1 1.0 5 1.5 
LOAD COMB 26 ULS DL + 1.5WLZ
1 1.0 6 1.5 
PERFORM ANALYSIS PRINT STATICS CHECK
PRINT SUPPORT REACTION
PRINT MEMBER FORCES
PARAMETER 1
CODE EN 1993-1-1:2005
PY 235000 ALL
GM0 1.1 ALL
GM1 1.1 ALL
CHECK CODE ALL
FINISH
